Load	LBDelay	AvgDelay	UBDelay	LBUsers	AvgUsers	UBUsers	LBLosses	AvgLosses	UBLosses	TheoDelay	TheoUsers	TheoLoss
0.20099999999999998	1.1221873263754742	1.1298124599469093	1.1374375935183443	0.22329877964896627	0.22730042570665915	0.23130207176435202	0.0	0.0	0.0	None	None	0
0.21710204081632653	1.2319352576947766	1.2372786642344669	1.242622070774157	0.2410286069759415	0.24597888766235348	0.25092916834876544	0.0	0.0	0.0	None	None	0
0.2332040816326531	1.3399664456239972	1.3486903801805805	1.3574143147371638	0.2634128425465399	0.2691030417414705	0.27479324093640106	0.0	0.0	0.0	None	None	0
0.2493061224489796	1.4357570058844802	1.446807499816006	1.457857993747532	0.2833185894070766	0.28832801453191087	0.29333743965674514	0.0	0.0	0.0	None	None	0
0.26540816326530614	1.5558171054449255	1.5659897520846955	1.5761623987244655	0.30361420243434684	0.30973069029846545	0.31584717816258406	0.0	0.0	0.0	None	None	0
0.2815102040816327	1.666906091861505	1.6802610502567454	1.6936160086519858	0.3285190235663246	0.3341002786087715	0.3396815336512184	0.0	0.0	0.0	None	None	0
0.2976122448979592	1.799371947499608	1.8168810063865706	1.8343900652735332	0.35948467943263057	0.3660747935199226	0.37266490760721466	0.0	0.0	0.0	None	None	0
0.3137142857142857	1.932571950180095	1.9478383481541357	1.9631047461281763	0.3815778844144113	0.3900601650422913	0.3985424456701713	0.0	0.0	0.0	None	None	0
0.32981632653061227	2.038549164537364	2.071521714049423	2.104494263561482	0.40081737456998356	0.41233723949722056	0.42385710442445756	0.0	0.0	0.0	None	None	0
0.3459183673469388	2.1720187838293445	2.1973490052483653	2.222679226667386	0.43177122800636036	0.4393537756299642	0.446936323253568	0.0	0.0	0.0	None	None	0
0.3620204081632653	2.3447914462375357	2.369438089303861	2.394084732370186	0.46349809168896805	0.4745855476091668	0.4856730035293656	0.0	0.0	0.0	None	None	0
0.37812244897959185	2.4796390858631714	2.518259531435956	2.556879977008741	0.4902023352281991	0.5036036944085164	0.5170050535888336	0.0	0.0	0.0	None	None	0
0.3942244897959184	2.616542274189354	2.6642567936670183	2.7119713131446828	0.5127166525038319	0.5285699863573929	0.544423320210954	0.0	0.0	0.0	None	None	0
0.41032653061224494	2.7899320065502318	2.8327700270183964	2.875608047486561	0.5574672248094922	0.5700565738618023	0.5826459229141124	0.0	0.0	0.0	None	None	0
0.42642857142857143	2.9206640102007504	2.9914849971917534	3.0623059841827565	0.5731155278899313	0.5971986008799848	0.6212816738700383	0.0	0.0	0.0	None	None	0
0.442530612244898	3.121474611304281	3.2079092228642367	3.2943438344241924	0.6194696134844272	0.645289820156915	0.6711100268294029	0.0	0.0	0.0	None	None	0
0.4586326530612245	3.2602724781292736	3.3163228867784937	3.372373295427714	0.6378953867369	0.6556273341737384	0.6733592816105768	0.0	0.0	0.0	None	None	0
0.474734693877551	3.518761603723328	3.5723775941160447	3.6259935845087616	0.6928659948585424	0.7123879094680953	0.7319098240776482	0.0	0.0	0.0	None	None	0
0.49083673469387756	3.7334774844945438	3.784979505458201	3.836481526421858	0.7444906873655359	0.7587293882876945	0.7729680892098532	0.0	0.0	0.0	None	None	0
0.5069387755102042	3.8710159510548645	3.9841075268414956	4.097199102628126	0.7558279133582783	0.7876756252309194	0.8195233371035605	0.0	0.0	0.0	None	None	0
0.5230408163265307	4.168441867224734	4.3041957498857855	4.439949632546837	0.8295456844074124	0.8634862789543856	0.8974268735013587	0.0	0.0	0.0	None	None	0
0.5391428571428571	4.350802269915354	4.477128712196569	4.603455154477784	0.8691682369358434	0.9006168474876397	0.932065458039436	0.0	0.0	0.0	None	None	0
0.5552448979591837	4.521392349416185	4.67606358073299	4.830734812049794	0.8916317161704898	0.9395287297860367	0.9874257434015837	0.0	0.0	0.0	None	None	0
0.5713469387755102	4.912673630164003	5.054583087571931	5.19649254497986	0.9668888839452094	1.0052054991616712	1.043522114378133	0.0	0.0	0.0	None	None	0
0.5874489795918367	5.224820678853266	5.428735883191	5.632651087528734	1.0453545468754053	1.0881813193755363	1.1310080918756673	0.0	0.0	0.0	None	None	0
0.6035510204081633	5.4793450391921015	5.758263283947316	6.03718152870253	1.0735135524083543	1.1511215236870096	1.2287294949656649	-0.00018958899900976237	0.00015021029441217705	0.0004900095878341165	None	None	0
0.6196530612244898	5.759468266781589	6.051340713138227	6.343213159494866	1.133785370126214	1.2145912131679855	1.295397056209757	-9.115476488057644e-05	0.00014957371491249936	0.00039030219470557515	None	None	0
0.6357551020408163	6.169110102941646	6.388360386527607	6.6076106701135675	1.2322164505162785	1.2895644719650186	1.3469124934137586	-6.252636296150755e-05	4.953928465272962e-05	0.0001616049322669668	None	None	0
0.6518571428571429	6.622678358327174	6.831146521400183	7.039614684473192	1.3046294400347467	1.3646679711012255	1.4247065021677043	-0.00016912086440018704	0.0006004803843074459	0.001370081633015079	None	None	0
0.6679591836734694	6.859391559541977	7.151675596679693	7.44395963381741	1.3534879875717436	1.4235288366802712	1.4935696857887988	-0.0005180715304228743	0.0006025306286402892	0.0017231327877034526	None	None	0
0.684061224489796	7.3212887744185355	7.6881714169687525	8.05505405951897	1.4393123344982628	1.5279449641243534	1.616577593750444	-1.0282356803143842e-05	0.00045278462544649594	0.0009158516076961358	None	None	0
0.7001632653061225	7.7959775235310085	8.189470483335706	8.582963443140402	1.551668592879887	1.6460183013202747	1.7403680097606624	7.095431742132874e-05	0.00039797035120883495	0.0007249863849963412	None	None	0
0.716265306122449	7.828526401600264	8.387817351059741	8.947108300519218	1.526989998093166	1.6688179087396608	1.8106458193861557	-2.9366821886187533e-06	0.0002516989680342311	0.0005063346182570808	None	None	0
0.7323673469387756	9.056107591146999	9.355132758343467	9.654157925539936	1.7999709097772019	1.8582755815153984	1.916580253253595	0.0006141678058479406	0.0012060907583295642	0.0017980137108111877	None	None	0
0.7484693877551021	9.541438223413603	10.04538235106676	10.549326478719916	1.9076503995933765	2.0158748399322706	2.1240992802711647	0.0003210809389718859	0.0012439667612081406	0.002166852583444395	None	None	0
0.7645714285714286	9.738575326764352	10.261014163384903	10.783453000005455	1.9093004989076328	2.0231138523708223	2.1369272058340116	0.0004727132271589877	0.0021257212268448226	0.0037787292265306577	None	None	0
0.7806734693877552	10.636417566005516	11.162584050966013	11.68875053592651	2.0920777377464055	2.2185797126543423	2.345081687562279	0.0012988887131809262	0.0035101795206097684	0.0057214703280386095	None	None	0
0.7967755102040817	11.821501094624196	12.380241989571042	12.938982884517888	2.3452065446081036	2.4594958324773635	2.5737851203466233	0.0022513430059891773	0.004208627686757853	0.00616591236752653	None	None	0
0.8128775510204083	12.234462010444053	12.874752022683623	13.515042034923193	2.383361168289873	2.528461998836994	2.673562829384115	0.0022874150883835714	0.004262228536634869	0.006237041984886167	None	None	0
0.8289795918367346	13.117171842874372	13.94438031076973	14.77158877866509	2.5559596696606857	2.7438339389739927	2.9317082082873	0.003522594102436515	0.005361116730730325	0.007199639359024136	None	None	0
0.8450816326530614	14.95237674009838	15.896937455504034	16.841498170909688	2.924126292947341	3.135931044091831	3.347735795236321	0.0061917363887200975	0.00809940637891136	0.010007076369102622	None	None	0
0.8611836734693877	15.134530140012384	15.876893856640242	16.6192575732681	2.9225628508371213	3.0929755802050005	3.2633883095728797	0.006383561929680044	0.010418254815266554	0.014452947700853066	None	None	0
0.8772857142857143	16.072142217961627	17.14388159773788	18.215620977514135	3.126487498086248	3.3647813867671603	3.603075275448073	0.007566672121680881	0.01103997580279276	0.014513279483904639	None	None	0
0.8933877551020408	17.914936010411104	19.08209230665281	20.249248602894518	3.4771683186614535	3.728439542101215	3.9797107655409762	0.011501083118402066	0.016857042218084838	0.022213001317767614	None	None	0
0.9094897959183674	19.984464148499328	21.56504320621631	23.14562226393329	3.8944869940594673	4.2324961855634236	4.57050537706738	0.016549909932399114	0.026829994048799842	0.037110078165200566	None	None	0
0.925591836734694	21.286051182901023	22.780478639190033	24.274906095479043	4.158561377832367	4.468767271545692	4.778973165259018	0.022707523027503295	0.031597136509503826	0.04048674999150436	None	None	0
0.9416938775510205	22.588081753463484	23.4189289522065	24.249776150949515	4.342628755378721	4.525676080824711	4.7087234062707015	0.02698795312753806	0.034164127665950755	0.04134030220436346	None	None	0
0.9577959183673471	24.395667063748455	25.43091736699863	26.466167670248808	4.7131663471471095	4.91621853110351	5.119270715059911	0.030681688511284725	0.03495736298808158	0.03923303746487844	None	None	0
0.9738979591836735	26.378794920997834	27.303899701901607	28.22900448280538	4.9999925871270845	5.192781825924049	5.385571064721014	0.03810674352148911	0.04845242262113106	0.05879810172077301	None	None	0
0.99	27.097357387156663	28.739682247998	30.38200710883934	5.097385798826892	5.470209918514582	5.843034038202273	0.04438017214113301	0.05471969809821739	0.06505922405530176	None	None	0
