Load	LBDelay	AvgDelay	UBDelay	LBUsers	AvgUsers	UBUsers	LBLosses	AvgLosses	UBLosses	TheoDelay	TheoUsers	TheoLoss
0.20099999999999998	1.1221873263754742	1.1298124599469093	1.1374375935183443	0.22329877964896627	0.22730042570665915	0.23130207176435202	0.0	0.0	0.0	None	None	0
0.21710204081632653	1.2319352576947766	1.2372786642344669	1.242622070774157	0.2410286069759415	0.24597888766235348	0.25092916834876544	0.0	0.0	0.0	None	None	0
0.2332040816326531	1.3399664456239972	1.3486903801805805	1.3574143147371638	0.2634128425465399	0.2691030417414705	0.27479324093640106	0.0	0.0	0.0	None	None	0
0.2493061224489796	1.4357570058844802	1.446807499816006	1.457857993747532	0.2833185894070766	0.28832801453191087	0.29333743965674514	0.0	0.0	0.0	None	None	0
0.26540816326530614	1.5558171054449255	1.5659897520846955	1.5761623987244655	0.30361420243434684	0.30973069029846545	0.31584717816258406	0.0	0.0	0.0	None	None	0
0.2815102040816327	1.666906091861505	1.6802610502567454	1.6936160086519858	0.3285190235663246	0.3341002786087715	0.3396815336512184	0.0	0.0	0.0	None	None	0
0.2976122448979592	1.799371947499608	1.8168810063865706	1.8343900652735332	0.35948467943263057	0.3660747935199226	0.37266490760721466	0.0	0.0	0.0	None	None	0
0.3137142857142857	1.932571950180095	1.9478383481541357	1.9631047461281763	0.3815778844144113	0.3900601650422913	0.3985424456701713	0.0	0.0	0.0	None	None	0
0.32981632653061227	2.038549164537364	2.071521714049423	2.104494263561482	0.40081737456998356	0.41233723949722056	0.42385710442445756	0.0	0.0	0.0	None	None	0
0.3459183673469388	2.1720187838293445	2.1973490052483653	2.222679226667386	0.43177122800636036	0.4393537756299642	0.446936323253568	0.0	0.0	0.0	None	None	0
0.3620204081632653	2.3447914462375357	2.369438089303861	2.394084732370186	0.46349809168896805	0.4745855476091668	0.4856730035293656	0.0	0.0	0.0	None	None	0
0.37812244897959185	2.4796390858631714	2.518259531435956	2.556879977008741	0.4902023352281991	0.5036036944085164	0.5170050535888336	0.0	0.0	0.0	None	None	0
0.3942244897959184	2.616542274189354	2.6642567936670183	2.7119713131446828	0.5127166525038319	0.5285699863573929	0.544423320210954	0.0	0.0	0.0	None	None	0
0.41032653061224494	2.7899320065502318	2.8327700270183964	2.875608047486561	0.5574672248094922	0.5700565738618023	0.5826459229141124	0.0	0.0	0.0	None	None	0
0.42642857142857143	2.9206640102007504	2.9914849971917534	3.0623059841827565	0.5731155278899313	0.5971986008799848	0.6212816738700383	0.0	0.0	0.0	None	None	0
0.442530612244898	3.121474611304281	3.2079092228642367	3.2943438344241924	0.6194696134844272	0.645289820156915	0.6711100268294029	0.0	0.0	0.0	None	None	0
0.4586326530612245	3.2602724781292736	3.3163228867784937	3.372373295427714	0.6378953867369	0.6556273341737384	0.6733592816105768	0.0	0.0	0.0	None	None	0
0.474734693877551	3.518761603723328	3.5723775941160447	3.6259935845087616	0.6928659948585424	0.7123879094680953	0.7319098240776482	0.0	0.0	0.0	None	None	0
0.49083673469387756	3.7334774844945438	3.784979505458201	3.836481526421858	0.7444906873655359	0.7587293882876945	0.7729680892098532	0.0	0.0	0.0	None	None	0
0.5069387755102042	3.8710159510548645	3.9841075268414956	4.097199102628126	0.7558279133582783	0.7876756252309194	0.8195233371035605	0.0	0.0	0.0	None	None	0
0.5230408163265307	4.168441867224734	4.3041957498857855	4.439949632546837	0.8295456844074124	0.8634862789543856	0.8974268735013587	0.0	0.0	0.0	None	None	0
0.5391428571428571	4.350802269915354	4.477128712196569	4.603455154477784	0.8691682369358434	0.9006168474876397	0.932065458039436	0.0	0.0	0.0	None	None	0
0.5552448979591837	4.521392349416185	4.67606358073299	4.830734812049794	0.8916317161704898	0.9395287297860367	0.9874257434015837	0.0	0.0	0.0	None	None	0
0.5713469387755102	4.912673630164003	5.054583087571931	5.19649254497986	0.9668888839452094	1.0052054991616712	1.043522114378133	0.0	0.0	0.0	None	None	0
0.5874489795918367	5.224820678853266	5.428735883191	5.632651087528734	1.0453545468754053	1.0881813193755363	1.1310080918756673	0.0	0.0	0.0	None	None	0
0.6035510204081633	5.576081693684472	5.791850171368344	6.007618649052215	1.1177607870065736	1.1671687103999902	1.2165766337934067	0.0	0.0	0.0	None	None	0
0.6196530612244898	5.7405098597022075	6.039431409155691	6.338352958609175	1.1347698823650905	1.211951981744976	1.2891340811248615	0.0	0.0	0.0	None	None	0
0.6357551020408163	5.959322152863254	6.1567325009670295	6.354142849070805	1.174257093540673	1.2201742552402488	1.2660914169398245	0.0	0.0	0.0	None	None	0
0.6518571428571429	6.578547877244363	6.764267660683535	6.949987444122707	1.3043520896892677	1.3653356139552635	1.4263191382212592	0.0	0.0	0.0	None	None	0
0.6679591836734694	7.0594031213163655	7.349000625812546	7.6385981303087265	1.4068496530771952	1.4687337208446214	1.5306177886120476	0.0	0.0	0.0	None	None	0
0.684061224489796	7.335973057938456	7.802244715798248	8.26851637365804	1.4402640887205616	1.5530834424550433	1.665902796189525	0.0	0.0	0.0	None	None	0
0.7001632653061225	7.984849366086053	8.337354753773772	8.68986014146149	1.5997108127988542	1.6785816496247314	1.7574524864506087	0.0	0.0	0.0	None	None	0
0.716265306122449	7.795105148691543	8.450939849746637	9.106774550801733	1.5099024389782418	1.678624861584084	1.847347284189926	0.0	0.0	0.0	None	None	0
0.7323673469387756	9.406016204097932	9.711070103028131	10.01612400195833	1.8719295432539858	1.9407189706040513	2.009508397954117	0.0	0.0	0.0	None	None	0
0.7484693877551021	9.797464072986706	10.287013478620295	10.776562884253885	1.9639323720584538	2.06103338011519	2.1581343881719266	0.0	0.0	0.0	None	None	0
0.7645714285714286	10.096193217445423	10.891250937273886	11.68630865710235	1.9790626071160453	2.1474834808181567	2.315904354520268	0.0	0.0	0.0	None	None	0
0.7806734693877552	10.542755801461714	11.565133576907275	12.587511352352836	2.0812828633735747	2.314680370152358	2.5480778769311416	-0.0006311732573590996	0.0005000750112516877	0.001631323279862475	None	None	0
0.7967755102040817	12.059102221066185	13.472762719488182	14.88642321791018	2.400030061590267	2.7253738848153737	3.05071770804048	-0.00018748620955748535	0.00014854426619132502	0.0004845747419401354	None	None	0
0.8128775510204083	13.36510405026673	14.535630333896723	15.706156617526716	2.6415185991731405	2.897126506672236	3.152734414171331	-0.00019006482723737446	0.00015058729043268746	0.0004912394081027494	None	None	0
0.8289795918367346	13.31875094457058	14.553506785502005	15.788262626433431	2.597670836751888	2.8583160256693714	3.1189612145868546	-0.0001285685201936428	0.00010186411327289397	0.00033229674673943075	None	None	0
0.8450816326530614	16.12960634396787	17.62485104237191	19.120095740775948	3.165883495240534	3.498599064927658	3.831314634614782	-0.00012730416690110357	0.00010086237329164355	0.0003290289134843907	None	None	0
0.8611836734693877	17.06927712683303	19.72650573478871	22.38373434274439	3.3280316900778066	3.9116103919131566	4.495189093748507	-9.123710124292875e-06	0.0010603918400323166	0.0021299073901889266	None	None	0
0.8772857142857143	18.838490909746437	20.81976366418541	22.80103641862438	3.7075129178908792	4.120337423545644	4.533161929200409	-1.6377418864684671e-06	0.00030310684516291994	0.0006078514322123082	None	None	0
0.8933877551020408	20.54782522553723	24.04765457622876	27.547483926920286	4.0452005565447315	4.80190351902888	5.558606481513028	0.000615598023705164	0.0032539046856227475	0.005892211347540331	None	None	0
0.9094897959183674	26.41245986292894	30.487627831656063	34.562795800383185	5.236373087342394	6.129578838127207	7.02278458891202	0.0018071574162419664	0.006332871561448645	0.010858585706655323	None	None	0
0.925591836734694	27.179308921523017	32.86774826160124	38.55618760167947	5.3374776864925515	6.560504216607898	7.783530746723244	0.003872301832738913	0.007525166949068076	0.011178032065397239	None	None	0
0.9416938775510205	35.389106343052916	38.088188288039746	40.787270233026575	6.979676926959398	7.5878910051996	8.196105083439802	0.008404724117530552	0.012685198949506963	0.01696567378148337	None	None	0
0.9577959183673471	37.051503341748464	40.32451195702485	43.59752057230124	7.3433136893230015	7.974785592422957	8.606257495522911	0.005562214722785273	0.011870916255174821	0.01817961778756437	None	None	0
0.9738979591836735	40.140877435736314	45.59673761231248	51.05259778888865	7.801883273360536	8.936332107947157	10.070780942533778	0.007968018104001544	0.01784192853205032	0.027715838960099097	None	None	0
0.99	46.61607766681799	51.668691722655275	56.72130577849256	9.194783685065731	10.149775282357009	11.104766879648286	0.014270360894829234	0.021949644932214334	0.02962892896959943	None	None	0
