Load	LBDelay	AvgDelay	UBDelay	LBUsers	AvgUsers	UBUsers	LBLosses	AvgLosses	UBLosses	TheoDelay	TheoUsers	TheoLoss
0.04	0.20521039953987966	0.2100057579419853	0.21480111634409096	0.04107085927645103	0.04224920749381913	0.04342755571118723	0.0	0.0	0.0	0.20833333333333331	0.041666666666666664	4.222124650659842e-30
0.05918367346938776	0.3102540620554531	0.3139538003553767	0.31765353865530027	0.06120820433307076	0.062305407695858114	0.06340261105864547	0.0	0.0	0.0	0.3145336225596528	0.06290672451193056	1.5479079139024747e-26
0.07836734693877552	0.41856679532044644	0.4256021265844116	0.43263745784837676	0.08256291706231932	0.08493592526164458	0.08730893346096984	0.0	0.0	0.0	0.4251550044286979	0.08503100088573959	5.513100181434849e-24
0.09755102040816327	0.5320841576352897	0.5384792681425365	0.5448743786497834	0.10574125013136197	0.10722399037353021	0.10870673061569845	0.0	0.0	0.0	0.540479421076436	0.1080958842152872	5.36155550659459e-22
0.11673469387755102	0.6607245439371531	0.6698701844471894	0.6790158249572257	0.13184202231309144	0.13397263201283527	0.1361032417125791	0.0	0.0	0.0	0.6608133086876152	0.13216266173752306	2.2766176375765374e-20
0.13591836734693877	0.7589408324655639	0.7741210915234198	0.7893013505812757	0.15168929438148526	0.15396401620096012	0.15623873802043498	0.0	0.0	0.0	0.7864903164855925	0.1572980632971185	5.437457877717082e-19
0.15510204081632653	0.897696877915314	0.9195851839647047	0.9414734900140953	0.17898420605137658	0.18514182891597	0.19129945178056343	0.0	0.0	0.0	0.9178743961352654	0.1835748792270531	8.506913530481193e-18
0.1742857142857143	1.0372294202795256	1.0526026127708106	1.0679758052620956	0.20600745318773653	0.2092100340117927	0.21241261483584886	0.0	0.0	0.0	1.055363321799306	0.21107266435986116	9.62337483893559e-17
0.19346938775510206	1.1984475038548494	1.211018749499713	1.2235899951445768	0.23930121792556242	0.24304272832828575	0.24678423873100908	0.0	0.0	0.0	1.199392712550586	0.23987854251011703	8.42322224061077e-16
0.21265306122448982	1.3331352056412236	1.354506356432672	1.3758775072241205	0.2651106774103285	0.2707125528308951	0.27631442825146174	0.0	0.0	0.0	1.3504406428199445	0.2700881285639873	5.9878451536798915e-15
0.23183673469387753	1.4673698101711412	1.5165842239034208	1.5657986376357005	0.29166668970472764	0.3038393088468934	0.3160119279890592	0.0	0.0	0.0	1.5090329436758032	0.30180658873514987	3.583280556409207e-14
0.2510204081632653	1.6003019157653913	1.6322513979440916	1.6642008801227919	0.31662692501947604	0.32457013496309317	0.3325133449067103	0.0	0.0	0.0	1.6757493187945618	0.3351498637588502	1.8550671882701727e-13
0.2702040816326531	1.7625076553304457	1.8326150569631892	1.9027224585959326	0.34833832226010897	0.3644007067647731	0.3804630912694372	0.0	0.0	0.0	1.851230425022936	0.37024608500427303	8.486555127304221e-13
0.28938775510204084	1.8890746293853102	1.953734622391357	2.018394615397404	0.36936129612320223	0.38656596597800086	0.4037706358327995	0.0	0.0	0.0	2.036186099793366	0.4072372199572523	3.4891195799013975e-12
0.30857142857142855	2.1304423643732497	2.224474845028818	2.318507325684386	0.4255222524858243	0.4437692216051247	0.4620161907244251	0.0	0.0	0.0	2.2314049580653146	0.4462809916072308	1.3068244626425438e-11
0.3277551020408163	2.3227474914715525	2.3839151236056635	2.4450827557397745	0.45724698837575917	0.47473359256635295	0.4922201967569467	0.0	0.0	0.0	2.437765632178725	0.48755312641376203	4.5088542206339475e-11
0.3469387755102041	2.596975753056022	2.6786867989734895	2.760397844890957	0.5102378061882125	0.5329999196199123	0.5557620330516122	0.0	0.0	0.0	2.6562499919322615	0.5312499983096167	1.446317252243593e-10
0.36612244897959184	2.7915335246676483	2.9159840725204167	3.040434620373185	0.5491199226899207	0.5819989102874097	0.6148778978848987	0.0	0.0	0.0	2.8879587630783505	0.5775917523646088	4.3466923594177756e-10
0.3853061224489796	3.039945206520447	3.155789590604668	3.2716339746888887	0.6051259073430618	0.633538306641568	0.6619507059400741	0.0	0.0	0.0	3.134130065001296	0.6268260122280589	1.2319213912609519e-09
0.40448979591836737	3.3585716257729787	3.4872565100654107	3.6159413943578427	0.6690501841450335	0.696693818898207	0.7243374536513806	0.0	0.0	0.0	3.396161518493913	0.6792323014499014	3.310916140814596e-09
0.42367346938775513	3.5227697255383483	3.622761228161095	3.7227527307838417	0.699834162761008	0.7254888433223023	0.7511435238835967	0.0	0.0	0.0	3.675636739316569	0.7351273416304471	8.478621873013355e-09
0.4428571428571429	3.765583262627807	3.8944435756782183	4.02330388872863	0.7546271922067596	0.7812545415616275	0.8078818909164955	0.0	0.0	0.0	3.974357240596099	0.7948714316072001	2.0773195311524864e-08
0.46204081632653066	4.080874055708258	4.232900335376376	4.3849266150444945	0.8135915427223885	0.8489046513653031	0.8842177600082177	0.0	0.0	0.0	4.294381025333177	0.8588761630939161	4.8869347046049364e-08
0.4812244897959184	4.361913483989301	4.540859716098754	4.719805948208207	0.8674832168719903	0.9068444012842878	0.9462055856965853	0.0	0.0	0.0	4.638069466295972	0.927613790540642	1.1073416779800255e-07
0.5004081632653061	4.81599115000465	5.012502476237764	5.209013802470879	0.9544191992535923	1.0057397868621216	1.0570603744706508	0.0	0.0	0.0	5.00814444721336	1.0016286467065647	2.4234136014165106e-07
0.5195918367346939	5.068227479763066	5.290816270898546	5.513405062034026	1.004338591956882	1.0539187678501887	1.1034989437434954	0.0	0.0	0.0	5.407758170200121	1.081551078690272	5.134750250180969e-07
0.5387755102040817	5.634673808121352	6.049741821059327	6.464809833997302	1.1149768384736656	1.2127352832462837	1.3104937280189017	0.0	0.0	0.0	5.840578496457385	1.168114466290164	1.0555472491724844e-06
0.5579591836734694	6.045935975767838	6.252837151646424	6.4597383275250095	1.21284517977981	1.2672847124084963	1.3217242450371824	0.0	0.0	0.0	6.310893127950227	1.2621759634225036	2.109184459309136e-06
0.5771428571428572	6.776037721998584	7.014195470281213	7.252353218563842	1.3635376112005326	1.4219496798242113	1.48036174844789	0.0	0.0	0.0	6.823736257518767	1.3647416513731088	4.103419617438791e-06
0.5963265306122449	7.079359663912521	7.421531042285627	7.763702420658734	1.4113841931454811	1.4765704507091424	1.5417567082728036	0.0	0.0	0.0	7.385041343335097	1.4769967716575072	7.783984528833079e-06
0.6155102040816327	7.407274789363075	7.885078691477977	8.362882593592879	1.4625690707689696	1.5627991515262216	1.6630292322834737	0.0	0.0	0.0	8.001823129252532	1.600341555500441	1.4415683584059973e-05
0.6346938775510205	8.259445092827072	9.035501426264844	9.811557759702616	1.6674356857287453	1.8348637720062595	2.002291858283774	0.0	0.0	0.0	8.68239052928269	1.7364327956084395	2.6093187092853e-05
0.6538775510204082	8.502775354224276	9.1597703630005	9.816765371776725	1.685234498176802	1.83000305999771	1.974771621818618	0.0	0.0	0.0	9.436588952868505	1.887230586317102	4.62053910764435e-05
0.673061224489796	9.698165060842829	10.336287095574447	10.974409130306064	1.9411501314112756	2.068062387058049	2.1949746427048225	0.0	0.0	0.0	10.276065329043373	2.0550484237080116	8.010950465524258e-05
0.6922448979591838	10.490134324390418	11.225410948667177	11.960687572943936	2.0831372562473085	2.2449974114790683	2.406857566710828	-6.311101368773396e-05	5.000250012500625e-05	0.00016311601393774648	11.214540631904784	2.2426029122105575	0.00013607965783766625
0.7114285714285715	11.06114976276116	12.383095704683992	13.705041646606825	2.166239618230956	2.4583780834723044	2.750516548713653	-0.00029396660319092017	0.0004039383993940924	0.001101843401979105	12.268062289860788	2.45305647793116	0.00022659651861134053
0.7306122448979593	12.318631668020437	13.349707375966423	14.380783083912409	2.4978384674120577	2.6947536839241506	2.8916689004362435	-0.0004995427349689769	0.0003957848909117895	0.001291112516792556	13.45519201420813	2.6900426323492246	0.0003700320632176942
0.749795918367347	12.623225455704263	13.781466188749187	14.93970692179411	2.5056670258364586	2.746409080918224	2.9871511359999894	-6.344092298270879e-05	5.0263885398341296e-05	0.0001639686937793914	14.797063797019247	2.957658575186115	0.0005927473996860717
0.7689795918367347	14.341600193631974	15.954547464189659	17.567494734747346	2.830278066942019	3.175719129107566	3.521160191273113	-0.00011209996576165949	0.0010560193100673841	0.002224138585896428	16.317224420448174	3.2604048231332667	0.0009315496551479082
0.7881632653061225	16.866261349658455	18.160353757580225	19.454446165501995	3.342680489086173	3.623322215742956	3.9039639423997388	-0.0003436294037143522	0.0012526305241006112	0.002848890451915575	18.04115000167194	3.603047370650045	0.0014363357335489672
0.8073469387755102	16.737925713912787	18.80833040604555	20.87873509817831	3.2749847438255317	3.7237593557333284	4.172533967641125	0.00021217240318523802	0.002371701064742393	0.004531229726299548	19.995325847292545	3.9903768688146384	0.0021725829101822375
0.826530612244898	19.104419609187747	21.998390920432012	24.892362231676277	3.7679559630745887	4.326341518358182	4.884727073641776	0.0015780789633439909	0.0052059641142279504	0.008833849265111911	22.20579579398875	4.426844668205478	0.003223142895907343
0.8457142857142858	22.54664673455153	25.02462922807961	27.502611721607693	4.431326283587041	4.98926315581164	5.547200028036239	0.0016110959295431656	0.0025051355278320558	0.0033991751261209457	24.696145032515485	4.9160709324945735	0.004688600989756307
0.8648979591836735	24.00893324388845	26.621704081138983	29.234474918389516	4.699798365345713	5.254863553946729	5.809928742547744	0.0011916436494649762	0.007393622371994768	0.01359560109452456	27.484986219082096	5.460247856355801	0.006685356719426634
0.8840816326530613	30.429070329060252	33.422761103914326	36.4164518787684	6.08326111399544	6.680394944394115	7.277528774792789	0.006705049507539831	0.011039057472402357	0.015373065437264884	30.583167675619787	6.059500030403568	0.009340678069449085
0.903265306122449	31.66792781127861	34.66962170059504	37.671315589911465	6.228646382383171	6.875051036175361	7.521455689967552	0.007275781588802017	0.013004484304932735	0.018733187021063455	33.99108670583798	6.711306337102665	0.01278438150816804
0.9224489795918368	34.157189362180986	37.30800714019082	40.45882491820065	6.723508269907167	7.329362639685887	7.9352170094646075	0.008705545720688056	0.017287034723957033	0.02586852372722601	37.69661689031461	7.410118061681997	0.017137521485929685
0.9416326530612246	36.349326038457995	41.64241023731689	46.93549443617578	7.0621603359354745	8.120392999809397	9.17862566368332	0.01548830127197412	0.021856827752155607	0.02822535423233709	41.67417886102662	8.147306874739554	0.022499411217091165
0.9608163265306123	40.09830201005768	44.12027657005204	48.142251130046404	7.717584351754337	8.488766391766966	9.259948431779595	0.020145428455357828	0.02795329323156245	0.03576115800776708	45.885349208692254	8.91153002562214	0.02893514168417933
0.9800000000000001	49.23128605259622	55.388962803560915	61.54663955452561	9.540002285460893	10.654100605755241	11.768198926049589	0.03768626976433101	0.04853028210692445	0.05937429444951789	50.281113937233194	9.689511254320509	0.03646613056185491
