Load	LBDelay	AvgDelay	UBDelay	LBUsers	AvgUsers	UBUsers	LBLosses	AvgLosses	UBLosses	TheoDelay	TheoUsers	TheoLoss
0.04	0.20521039953987966	0.2100057579419853	0.21480111634409096	0.04107085927645103	0.04224920749381913	0.04342755571118723	0.0	0.0	0.0	0.20833333332284756	0.04166666666430737	6.291456000001651e-12
0.05918367346938776	0.3102540620554531	0.3139538003553767	0.31765353865530027	0.06120820433307076	0.062305407695858114	0.06340261105864547	0.0	0.0	0.0	0.3145336222033025	0.06290672443175174	1.4161856464045423e-10
0.07836734693877552	0.41856679532044644	0.4256021265844116	0.43263745784837676	0.08256291706231932	0.08493592526164458	0.08730893346096984	0.0	0.0	0.0	0.4251549999692994	0.08503099988237492	1.311109632185696e-09
0.09755102040816327	0.5320841576352897	0.5384792681425365	0.5448743786497834	0.10574125013136197	0.10722399037353021	0.10870673061569845	0.0	0.0	0.0	0.5404793890767038	0.10809587701534751	7.400774835339446e-09
0.11673469387755102	0.6607245439371531	0.6698701844471894	0.6790158249572257	0.13184202231309144	0.13397263201283527	0.1361032417125791	0.0	0.0	0.0	0.6608131476751334	0.13216262550971575	3.045725531765763e-08
0.13591836734693877	0.7589408324655639	0.7741210915234198	0.7893013505812757	0.15168929438148526	0.15396401620096012	0.15623873802043498	0.0	0.0	0.0	0.7864896832528191	0.15729792081975882	1.0064216569088851e-07
0.15510204081632653	0.897696877915314	0.9195851839647047	0.9414734900140953	0.17898420605137658	0.18514182891597	0.19129945178056343	0.0	0.0	0.0	0.9178723182682598	0.18357441170710911	2.8297259770765854e-07
0.1742857142857143	1.0372294202795256	1.0526026127708106	1.0679758052620956	0.20600745318773653	0.2092100340117927	0.21241261483584886	0.0	0.0	0.0	1.0553573868573365	0.21107132899885675	7.029495999805937e-07
0.19346938775510206	1.1984475038548494	1.211018749499713	1.2235899951445768	0.23930121792556242	0.24304272832828575	0.24678423873100908	0.0	0.0	0.0	1.1993775220824172	0.23987512466018965	1.5831391151594741e-06
0.21265306122448982	1.3331352056412236	1.354506356432672	1.3758775072241205	0.2651106774103285	0.2707125528308951	0.27631442825146174	0.0	0.0	0.0	1.3504050709614634	0.27008012492217937	3.29260505779751e-06
0.23183673469387753	1.4673698101711412	1.5165842239034208	1.5657986376357005	0.29166668970472764	0.3038393088468934	0.3160119279890592	0.0	0.0	0.0	1.5089555502855512	0.30178917533396016	6.410802325281446e-06
0.2510204081632653	1.6003019157653913	1.6322513979440916	1.6642008801227919	0.31662692501947604	0.32457013496309317	0.3325133449067103	0.0	0.0	0.0	1.6755910307541981	0.3351142493701757	1.1807119372653203e-05
0.2702040816326531	1.7446303732388808	1.8347461257655102	1.9248618782921396	0.345784600508368	0.36659358821593074	0.3874025759234935	-6.316470637278507e-05	5.0045040536482834e-05	0.00016325478744575077	1.8509233111529493	0.37017698581593556	2.073671720498997e-05
0.28938775510204084	1.9509551299371999	2.0215223140870338	2.0920894982368674	0.3863124740264561	0.4029220411197989	0.4195316082131417	0.0	0.0	0.0	2.0356167192839827	0.40710911381813836	3.495264733133057e-05
0.30857142857142855	2.19311455195496	2.245752721557384	2.298390891159808	0.4346528213784709	0.4510168271667593	0.4673808329550477	-5.060048550123597e-05	9.958671513220137e-05	0.00024977391576563873	2.2303903534634952	0.4460527185366353	5.683345075539719e-05
0.3277551020408163	2.3998129828634482	2.4676081841062194	2.5354033853489906	0.48401621376835263	0.49989832836860587	0.5157804429688592	-0.00012456522701613534	9.869232667160129e-05	0.0003219498803593379	2.4360195591542677	0.4871602951187744	8.952455228707927e-05
0.3469387755102041	2.5922002202901866	2.6618856775685695	2.7315711348469525	0.5105368510013087	0.5272613621388624	0.5439858732764161	-9.225872327848422e-05	0.00015138517434525912	0.00039502907196900246	2.6533364214334623	0.5305945346931017	0.00013709078314214418
0.36612244897959184	2.797816740120879	2.8994880797435463	3.0011594193662137	0.5531812103260862	0.577637383423791	0.6020935565214958	-9.176786223007186e-05	0.0001505797319680771	0.0003929273261662261	2.883229047374349	0.5765277837381187	0.0002046763105043447
0.3853061224489796	3.0531542656718376	3.1655147489375044	3.2778752322031712	0.6088391532794126	0.637865438204995	0.6668917231305773	-9.685999654764572e-05	0.00024810201955043917	0.0005930640356485241	3.126639414980589	0.6251411180965267	0.00029866715473527767
0.40448979591836737	3.2377444734276732	3.354360901208537	3.4709773289894006	0.6340605046939667	0.6598360686725483	0.6856116326511299	-0.00020732725963782176	0.0002540779511154022	0.0007154831618686262	3.3845595789333305	0.6766229756827685	0.00042685037323031145
0.42367346938775513	3.4724652634935067	3.5899788726596205	3.707492481825734	0.6917147276347734	0.717784680225056	0.7438546328153387	0.0001229553629053989	0.0004999250112483127	0.0008768946595912267	3.6580260497617054	0.7311672981891942	0.0005985629369361844
0.4428571428571429	3.8541424915513014	3.927614361308308	4.001086231065314	0.7729384571518905	0.787174334613127	0.8014102120743636	0.0005874249099273154	0.001145931941607294	0.0017044389732872728	3.948112203384384	0.7889711424104768	0.0008248223870659867
0.46204081632653066	4.166348993049125	4.276226478133909	4.386103963218693	0.8357678055999361	0.8611639712732961	0.8865601369466561	0.00026917623338476853	0.0005952676224019048	0.000921359011419041	4.255918632920129	0.8502317366456026	0.0011184306145559499
0.4812244897959184	4.314589525744713	4.522644818134088	4.730700110523463	0.8409289905582868	0.896700068848903	0.9524711471395191	0.00072325842249744	0.0019662213259389965	0.0032091842293805535	4.582561423992672	0.9151429772782519	0.0014940416435154558
0.5004081632653061	4.6198508049748295	4.893581104748746	5.167311404522662	0.9162198165140067	0.9777032611465662	1.0391867057791258	0.0012084181330420955	0.001998800719568259	0.0027891833060944226	4.929158417146882	0.9838913850669607	0.0019681842195070328
0.5195918367346939	4.978991197796955	5.26779988153676	5.556608565276565	0.985290037984218	1.0487842067131674	1.1122783754421168	0.0016405001680341517	0.0033543606688695303	0.005068221169704909	5.296813613897686	1.0566515694935432	0.0025592304011608944
0.5387755102040817	5.411488947448878	5.661394199814495	5.9112994521801125	1.0702082482344244	1.1272478331795255	1.1842874181246266	0.0014211442294435198	0.0024551558272371985	0.003489167425030877	5.686599982483022	1.1335812818371347	0.0032873023168382234
0.5579591836734694	5.61422781601725	5.86551588081055	6.11680394560385	1.1167208469302603	1.1715158575603384	1.2263108681904165	0.0010550993108247057	0.002546434991012582	0.0040377706712004585	6.099541020453565	1.2148161720294812	0.00417411084223945
0.5771428571428572	6.37141090988744	6.687827926949585	7.00424494401173	1.280358032512046	1.3438867587269214	1.4074154849417968	0.004644069184974175	0.006226834692364715	0.007809600199755255	6.536591527601598	1.300464398805101	0.005242722209485757
0.5963265306122449	6.572691965598835	6.870082307008934	7.167472648419032	1.2881431540915307	1.3519397945538973	1.415736435016264	0.004281535985940939	0.00666363774042102	0.009045739494901102	6.998618127502778	1.390601274668774	0.006517251452778376
0.6155102040816327	7.1063169464454266	7.52858470402947	7.950852461613513	1.3882329931150026	1.4889323294999195	1.5896316658848364	0.006359003831337252	0.008975580404151832	0.011592156976966413	7.486380142026695	1.4852641538550497	0.008022485047785407
0.6346938775510205	7.5917712944153175	7.907995829382547	8.224220364349778	1.5105640919718497	1.5796830305837697	1.6488019691956897	0.007190394671060727	0.009324471778593394	0.01145854888612606	8.000511463934664	1.5844477896763263	0.009783438959606112
0.6538775510204082	8.215124445353522	8.72182991913796	9.228535392922398	1.6108870907689607	1.7200096990047435	1.8291323072405263	0.00865023487977251	0.013062409288824385	0.01747458369787626	8.541504082660941	1.6881003945136215	0.011824862356252545
0.673061224489796	8.712968954325095	9.240134618533595	9.767300282742095	1.7177680683088714	1.8336673950781843	1.9495667218474972	0.01043790128494835	0.014550330237870586	0.01866275919079282	9.109693893949757	1.7961206287699203	0.014170701189629695
0.6922448979591838	9.098823935118606	9.628777574836976	10.158731214555345	1.7904753465585186	1.9015823596577672	2.012689372757016	0.011522443180882877	0.016482422069514988	0.0214424009581471	9.70524936399643	1.9083557228435528	0.016843539372114878
0.7114285714285715	9.718024187926876	10.238193624680964	10.758363061435052	1.8667039767659062	1.9801372409071032	2.0935705050483002	0.01665620433852791	0.021022237981865154	0.025388271625202397	10.328163524692128	2.0246008982875217	0.01986403805129871
0.7306122448979593	10.432976304151811	10.98631662814785	11.53965695214389	2.0584779084117715	2.1761543698133767	2.293830831214982	0.02037353503781946	0.024572807406313093	0.028772079774806725	10.978249652930389	2.144600201975835	0.02325039520148662
0.749795918367347	11.095185281078642	11.847376270211049	12.599567259343456	2.1568989618409247	2.305096456645673	2.4532939514504215	0.022472378861131022	0.027917894421415373	0.033363409981699725	11.65514084074268	2.2680488030287274	0.02701784816690203
0.7689795918367347	11.69367186901401	12.258120072427955	12.8225682758419	2.2582474302341247	2.3609325359033098	2.463617641572495	0.02160312385175097	0.029846990134890276	0.03809085641802958	12.35829350339366	2.3945967306108957	0.031178240768709176
0.7881632653061225	12.704175019361719	13.101397111329158	13.498619203296597	2.4222274585939476	2.5032290464687486	2.5842306343435495	0.02974054976770508	0.036301300796611875	0.042862051825518666	13.086994709838331	2.5238539567526797	0.03573967411504455
0.8073469387755102	12.598641826316314	13.495936093637345	14.393230360958377	2.3756895180667583	2.5696908599299264	2.7636922017930945	0.02627524206841201	0.03757839368804369	0.048881545307675384	13.840373064755582	2.655396657857408	0.04070625645945979
0.826530612244898	13.851320932124812	14.849339262726854	15.847357593328896	2.606196474530116	2.8005816045717853	2.9949667346134548	0.03735582971365157	0.046694966646452396	0.05603410357925323	14.617412733636117	2.7887744272735664	0.0460779626013023
0.8457142857142858	14.805061098525604	15.525605716959337	16.24615033539307	2.7880303143847276	2.934279488084342	3.0805286617839562	0.041554414357346775	0.05281090289608178	0.06406739143481678	15.416970090388137	2.923518164207104	0.051850607782588744
0.8648979591836735	15.635718789855527	16.307219652629723	16.978720515403918	2.964171241517768	3.08544523053511	3.2067192195524523	0.04927832974848237	0.05640259093173892	0.06352685211499547	16.237792386565395	3.059148334977876	0.05801593524840456
0.8840816326530613	16.733879015918443	17.41345315118319	18.09302728644794	3.115750721579799	3.2417480563799836	3.3677453911801685	0.06135741010252634	0.07014478282576136	0.07893215554899637	17.078537795794944	3.1951832930958632	0.06456181105780114
0.903265306122449	16.926175923531996	17.67284029272351	18.419504661915024	3.17744458964361	3.2943223446522216	3.4112000996608334	0.05733919567890449	0.06949498978014856	0.08165078388139263	17.937796176612334	3.3311473548466997	0.0714725147814095
0.9224489795918368	17.168527167241237	18.043690155453785	18.918853143666333	3.13124587823638	3.314125910628223	3.4970059430200657	0.06186344270136418	0.07387051230334812	0.08587758190533207	18.81410991938781	3.4665783552028864	0.07872911074294263
0.9416326530612246	18.53564563184928	19.367899974005162	20.200154316161044	3.3587342256858395	3.515403979529841	3.6720737333738422	0.07167955315242745	0.08534434984130183	0.0990091465301762	19.705994293862773	3.6010344515750057	0.08630988168495761
0.9608163265306123	20.250404829753176	21.024753513568314	21.79910219738345	3.673701326549307	3.8217782354912027	3.9698551444330983	0.08332310987076241	0.09429169157202631	0.1052602732732902	20.611956786985303	3.7340999958151757	0.09419080526771195
0.9800000000000001	20.6099888948241	21.584866297369004	22.55974369991391	3.7032742635120437	3.8605889780299405	4.017903692547837	0.09073085835160603	0.10574953793895799	0.12076821752630992	21.5305150093744	3.8653903531475278	0.10234605362098075
