Load	LBDelay	AvgDelay	UBDelay	LBUsers	AvgUsers	UBUsers	LBLosses	AvgLosses	UBLosses	TheoDelay	TheoUsers	TheoLoss
0.02	0.19651140135574283	0.2010296226292303	0.20554784390271777	0.039349312464114494	0.040457022944112526	0.04156473342411056	0.0	0.0	0.0	None	None	0
0.03959183673469388	0.39224117789237145	0.3965507460930001	0.4008603142936288	0.07716054227712645	0.07866422641044032	0.0801679105437542	0.0	0.0	0.0	None	None	0
0.05918367346938776	0.5855720717514614	0.5945980615542464	0.6036240513570315	0.11511405976964709	0.11858759449156467	0.12206112921348225	0.0	0.0	0.0	None	None	0
0.07877551020408165	0.7842602402695513	0.7931092702730401	0.8019583002765289	0.15545559572782952	0.1579456689004432	0.1604357420730569	-6.334858275150529e-05	5.019072475406545e-05	0.0001637300322596362	None	None	0
0.09836734693877551	0.9827717255316558	0.9995417461879883	1.0163117668443207	0.19465032879668684	0.1987067000025943	0.20276307120850176	-5.108891208693993e-05	0.00010054798652656981	0.0002521848851400796	None	None	0
0.1179591836734694	1.1707779262748153	1.1937230430403107	1.2166681598058062	0.2337587570481421	0.23885906356691405	0.243959370085686	0.00011513445287605503	0.0002995805871779509	0.0004840267214798467	None	None	0
0.13755102040816328	1.3871853243769827	1.405888103030002	1.424590881683021	0.2786126582342877	0.28466017136251726	0.2907076844907468	0.00011635840793716355	0.0003949057162602429	0.0006734530245833223	None	None	0
0.15714285714285714	1.584613104445218	1.6071990189343648	1.6297849334235115	0.3145397680054736	0.31937386157860126	0.3242079551517289	0.0004257202944827151	0.0012058483645681556	0.001985976434653596	None	None	0
0.17673469387755103	1.801024551791825	1.8262790116275198	1.8515334714632146	0.3567869691585656	0.36476726257448006	0.3727475559903945	0.00057629166977074	0.0013497300539892022	0.0021231684382076645	None	None	0
0.19632653061224492	2.013068149046398	2.046177569911545	2.0792869907766924	0.40106018051755404	0.41139942151883063	0.4217386625201072	0.0014148850537938548	0.002332158983774128	0.003249432913754401	None	None	0
0.21591836734693878	2.2162427152104827	2.2578952688669	2.299547822523317	0.4404581492049022	0.4504825689514475	0.4605069886979928	0.0014455820201239194	0.002598311097786439	0.0037510401754489585	None	None	0
0.23551020408163267	2.401273079289806	2.4483774685172617	2.4954818577447173	0.4748688669837582	0.4871612114436622	0.4994535559035662	0.0032538701459171827	0.004600920184036807	0.005947970222156432	None	None	0
0.2551020408163266	2.653205283547037	2.7115764894140186	2.769947695281	0.5291514182997391	0.5430358198190933	0.5569202213384475	0.003617797901083059	0.0047195588454468675	0.005821319789810676	None	None	0
0.2746938775510205	2.857277526200234	2.9165055073149104	2.975733488429587	0.5655695937618195	0.5774096836527955	0.5892497735437716	0.003802401419986076	0.005972996034733725	0.008143590649481376	None	None	0
0.2942857142857143	3.0903847175955765	3.15694579295101	3.2235068683064436	0.6081833204829354	0.6229905423044888	0.6377977641260422	0.004858594559145343	0.006941649899396379	0.009024705239647414	None	None	0
0.3138775510204082	3.288653725837194	3.3722258018224247	3.4557978778076555	0.6455204324341948	0.6672734463621517	0.6890264602901086	0.0076937097480437745	0.009261576971214018	0.010829444194384261	None	None	0
0.3334693877551021	3.628173088797416	3.6726509021382236	3.7171287154790313	0.7035514238563267	0.7169904165767521	0.7304294092971775	0.010490376081155143	0.013290883363654742	0.01609139064615434	None	None	0
0.353061224489796	3.843554509085016	3.883465129125365	3.9233757491657135	0.7455229486407644	0.7567073779544237	0.7678918072680829	0.012962430665077778	0.015705484294515706	0.018448537923953633	None	None	0
0.3726530612244899	4.094699403487243	4.17179020003786	4.248880996588476	0.8030358749203087	0.8262625980333798	0.8494893211464508	0.014589779260376395	0.01755952380952381	0.020529268358671224	None	None	0
0.3922448979591837	4.371799970778695	4.4356028423083975	4.4994057138381	0.8430855859391992	0.8588908845279043	0.8746961831166093	0.01818118117846387	0.0207269602143471	0.023272739250230334	None	None	0
0.41183673469387755	4.611770697403155	4.708908589235395	4.806046481067635	0.9078331180611925	0.9273895558822851	0.9469459937033777	0.02438299665397559	0.028634795465746675	0.03288659427751776	None	None	0
0.4314285714285715	4.821741996836352	4.916357735710509	5.010973474584666	0.9331080914225032	0.9540864475094587	0.9750648035964142	0.026235538941269343	0.029354403160474073	0.0324732673796788	None	None	0
0.45102040816326533	5.041402829905157	5.175469170531077	5.309535511156997	0.9629723843619745	1.001059434874011	1.0391464853860475	0.02878104613024329	0.03266469911460157	0.036548352098959846	None	None	0
0.4706122448979593	5.369584808074915	5.4263724676330245	5.483160127191134	1.0174919585335145	1.038506024965378	1.0595200913972413	0.029460277178667796	0.035177905453079326	0.04089553372749085	None	None	0
0.4902040816326531	5.659689632785898	5.817485878436922	5.975282124087946	1.0817229909997972	1.1196267645854374	1.1575305381710776	0.03776641889895276	0.043288106952934745	0.04880979500691673	None	None	0
0.509795918367347	5.87639961506869	6.003466749457154	6.130533883845617	1.109865546714565	1.142418324842923	1.1749711029712808	0.038548512656198894	0.04256817953104558	0.04658784640589227	None	None	0
0.529387755102041	6.188038246542293	6.313071505845019	6.438104765147745	1.1784847966837462	1.2049529419790068	1.2314210872742675	0.042111890378909916	0.04745272192006387	0.05279355346121782	None	None	0
0.5489795918367347	6.509536042019336	6.644103755576171	6.7786714691330054	1.242226019188034	1.265830205121686	1.289434391055338	0.05171896037583287	0.05518643395477985	0.058653907533726825	None	None	0
0.5685714285714286	6.815769059218872	6.959341348710597	7.102913638202321	1.277089554045852	1.3062840882818443	1.3354786225178366	0.05738787818778444	0.06268090627807166	0.0679739343683589	None	None	0
0.5881632653061225	7.1688399999116195	7.348320606087313	7.5278012122630065	1.345970869488112	1.3723999690778432	1.3988290686675744	0.06639894869954274	0.07353232844109481	0.08066570818264689	None	None	0
0.6077551020408164	7.44305713264672	7.588492374677239	7.733927616707758	1.3692120407284658	1.4024667627777454	1.435721484827025	0.06521914072611014	0.07472846488813255	0.08423778905015494	None	None	0
0.6273469387755103	7.567133901718381	7.773515385478478	7.979896869238575	1.3899121441307936	1.428103537128049	1.4662949301253045	0.07287457257855867	0.07860437136555044	0.08433417015254221	None	None	0
0.6469387755102042	7.988243358402682	8.136762291875856	8.28528122534903	1.4628684317092102	1.4886766920159797	1.5144849523227493	0.07900135319079744	0.08639017817038479	0.09377900314997213	None	None	0
0.666530612244898	8.327553393648667	8.584900412048404	8.84224743044814	1.516610804559333	1.5538903246592104	1.5911698447590878	0.08548869539343934	0.09406881376275256	0.10264893213206576	None	None	0
0.686122448979592	8.50048117533431	8.672895349551352	8.845309523768394	1.5332016017184291	1.564139748381766	1.595077895045103	0.08918109054403596	0.09903610847525347	0.10889112640647097	None	None	0
0.7057142857142857	8.909470291672847	9.11273888157852	9.316007471484195	1.5719435049687496	1.6158114748975714	1.6596794448263932	0.10088499422913509	0.10967774319847405	0.11847049216781301	None	None	0
0.7253061224489797	9.402224592521254	9.562772164045303	9.723319735569351	1.6674297181087998	1.6973360574417586	1.7272423967747175	0.10699663205352859	0.11597809855649577	0.12495956505946294	None	None	0
0.7448979591836735	9.523857927142263	9.741895908691157	9.959933890240052	1.6858054716554043	1.7215309222616058	1.7572563728678072	0.10922562191778049	0.11902745254347069	0.1288292831691609	None	None	0
0.7644897959183674	9.658778179323852	10.008104984596523	10.357431789869194	1.6784992656794235	1.7429536503221243	1.8074080349648252	0.11492326026854885	0.12396278601961278	0.1330023117706767	None	None	0
0.7840816326530613	10.337358076152508	10.58618341485607	10.835008753559631	1.7726021122409619	1.8121954112928969	1.8517887103448318	0.1273273595064231	0.1393829765852678	0.1514385936641125	None	None	0
0.8036734693877552	10.591362782603335	10.811735219266664	11.032107655929993	1.819885143552317	1.8511365275565084	1.8823879115606998	0.13513832299694686	0.14555793884371726	0.15597755469048769	None	None	0
0.823265306122449	10.869165124539393	11.094900668286197	11.320636212033001	1.8142206290880496	1.855797091439816	1.8973735537915826	0.1407991134532478	0.15132613215680307	0.16185315086035834	None	None	0
0.8428571428571429	11.382996132036098	11.605843726332534	11.82869132062897	1.8718988153229876	1.9194903977006317	1.9670819800782757	0.15420074550856208	0.16222649918962723	0.17025225287069237	None	None	0
0.8624489795918369	11.82241475227777	12.018813582284405	12.215212412291041	1.9567378441454222	1.9863492745900342	2.0159607050346464	0.16421406101275143	0.1748502994011976	0.18548653778964377	None	None	0
0.8820408163265305	11.868478856195031	12.119051418413846	12.369623980632662	1.9581906808709295	2.0013329549029644	2.0444752289349992	0.16032160579961893	0.17228595761735382	0.18425030943508872	None	None	0
0.9016326530612245	12.293010205150866	12.496978590054574	12.700946974958283	1.9979210840488184	2.034611150444963	2.071301216841108	0.17127983493617743	0.18201446073508737	0.1927490865339973	None	None	0
0.9212244897959184	12.52617963428703	12.88369203888042	13.24120444347381	2.0174442099257375	2.0848406215183752	2.152237033111013	0.18551213300130107	0.19771128504904392	0.20991043709678675	None	None	0
0.9408163265306122	13.068203561186275	13.43723366599563	13.806263770804984	2.097609951720729	2.138444219784234	2.179278487847739	0.19758765191395225	0.20884630659253375	0.22010496127111523	None	None	0
0.9604081632653061	13.586695172271822	13.89776114114558	14.208827110019337	2.137186783624953	2.1770522953067877	2.216917806988622	0.2007972952509303	0.21871106016049446	0.2366248250700586	None	None	0
0.9800000000000001	13.705884768458478	14.149402491220718	14.592920213982957	2.1491755825364227	2.206224574849948	2.263273567163473	0.20414345436444362	0.21861233480176212	0.23308121523908062	None	None	0
