day	mean(S_t)	ciLow(S_t)	ciHigh(S_t)	relerr(S_t)	mean(I_t)	ciLow(I_t)	ciHigh(I_t)	relerr(I_t)	mean(R_t)	ciLow(R_t)	ciHigh(R_t)	relerr(R_t)
0	9999.0	9999.0	9999.0	0.0	1.0	1.0	1.0	0.0	0.0	0.0	0.0	nan
1	9998.5	9998.12297380621	9998.87702619379	3.770827562035958e-05	1.5	1.1229738062098347	1.8770261937901653	0.25135079586011017	0.0	0.0	0.0	nan
2	9998.3	9997.954449785595	9998.645550214404	3.456089679294523e-05	1.7	1.3544497855950957	2.045550214404904	0.2032648320028849	0.0	0.0	0.0	nan
3	9998.3	9997.954449785595	9998.645550214404	3.456089679294523e-05	1.7	1.3544497855950957	2.045550214404904	0.2032648320028849	0.0	0.0	0.0	nan
4	9998.2	9997.89837904497	9998.501620955032	3.0167525657831622e-05	1.8	1.4983790449678678	2.101620955032132	0.16756719724007343	0.0	0.0	0.0	nan
5	9997.1	9996.388628400298	9997.811371599702	7.115779573091268e-05	2.9	2.1886284002984926	3.6113715997015072	0.2453005516212094	0.0	0.0	0.0	nan
6	9996.9	9996.273637044344	9997.526362955656	6.265571883849116e-05	3.1	2.473637044343488	3.726362955656512	0.2020525663408104	0.0	0.0	0.0	nan
7	9996.8	9996.14263236888	9997.45736763112	6.575780560975963e-05	3.2	2.542632368880355	3.8573676311196454	0.20542738472488906	0.0	0.0	0.0	nan
8	9996.7	9996.111066258429	9997.288933741573	5.891281538623661e-05	3.3	2.711066258428408	3.8889337415715914	0.17846477017320955	0.0	0.0	0.0	nan
9	9995.1	9993.958911678545	9996.241088321456	0.00011416477288433283	4.9	3.7589116785438055	6.041088321456195	0.23287516764412144	0.0	0.0	0.0	nan
10	9994.4	9993.129248329085	9995.670751670914	0.00012714636905813441	5.6	4.329248329085381	6.870751670914618	0.22691994123475331	0.0	0.0	0.0	nan
11	9994.1	9992.863262130179	9995.336737869822	0.00012374679759270276	5.9	4.66326213017877	7.136737869821231	0.20961658810529335	0.0	0.0	0.0	nan
12	9993.9	9992.809879109125	9994.990120890874	0.00010907862704993138	6.1	5.0098791091256905	7.190120890874309	0.1787083427662802	0.0	0.0	0.0	nan
13	9991.5	9989.414394146872	9993.585605853128	0.00020873801262347107	8.5	6.4143941468725885	10.585605853127412	0.2453653944855778	0.0	0.0	0.0	nan
14	9990.4	9988.058791801013	9992.741208198986	0.0002343457918587649	8.1	6.064058553533107	10.135941446466893	0.2513507958601102	1.5	1.1229738062098347	1.8770261937901653	0.25135079586011017
15	9989.6	9987.307879185184	9991.892120814817	0.0002294507102202149	8.7	6.592696752929514	10.807303247070484	0.2422187640310903	1.7	1.3544497855950957	2.045550214404904	0.2032648320028849
16	9989.1	9986.92890521242	9991.27109478758	0.00021734638631909367	9.2	7.210673173563339	11.189326826436659	0.21623117678659354	1.7	1.3544497855950957	2.045550214404904	0.2032648320028849
17	9986.4	9983.16196172671	9989.63803827329	0.0003242448002574231	11.8	8.640169584223566	14.959830415776436	0.2677822386251216	1.8	1.4983790449678678	2.101620955032132	0.16756719724007343
18	9984.4	9980.378701467007	9988.421298532992	0.0004027581560226945	12.7	9.243675215266988	16.15632478473301	0.272151557852993	2.9	2.1886284002984926	3.6113715997015072	0.2453005516212094
19	9982.8	9978.798545852998	9986.801454147	0.00040083485064320277	14.1	10.524010399579051	17.675989600420948	0.2536162837177977	3.1	2.473637044343488	3.726362955656512	0.2020525663408104
20	9982.1	9978.132079179339	9986.067920820662	0.0003975036135343872	14.7	11.194670055545547	18.20532994445445	0.238457819350643	3.2	2.542632368880355	3.8573676311196454	0.20542738472488906
21	9979.2	9974.189096354748	9984.210903645253	0.0005021348049194422	17.5	12.848651822067772	22.151348177932228	0.2657913244532702	3.3	2.711066258428408	3.8889337415715914	0.17846477017320955
22	9976.1	9969.98845307952	9982.21154692048	0.0006126188511021668	19.0	13.998182316248796	24.001817683751206	0.263253562302695	4.9	3.7589116785438055	6.041088321456195	0.23287516764412144
23	9973.2	9966.3484889648	9980.0515110352	0.000686992242730608	21.2	15.400165485961285	26.999834514038714	0.27357709971880734	5.6	4.329248329085381	6.870751670914618	0.22691994123475331
24	9971.1	9963.974703666716	9978.225296333285	0.0007145948123361232	23.0	16.892641142773485	29.107358857226515	0.26553734161854414	5.9	4.66326213017877	7.136737869821231	0.20961658810529335
25	9967.0	9958.161167868897	9975.838832131103	0.0008868096850710584	26.9	18.895315689400007	34.90468431059999	0.2975719074572487	6.1	5.0098791091256905	7.190120890874309	0.1787083427662802
26	9961.9	9952.754802406564	9971.045197593436	0.0009180174056591313	29.6	22.413125151214555	36.786874848785445	0.24279982597248126	8.5	6.4143941468725885	10.585605853127412	0.2453653944855778
27	9958.2	9947.103381871202	9969.2966181288	0.0011143196690966296	32.2	23.304738303597674	41.09526169640233	0.27625036324230834	9.6	7.258791801014195	11.941208198985805	0.24387585406102133
28	9953.9	9941.562771931638	9966.237228068361	0.0012394366096065022	35.7	25.50466515813025	45.895334841869754	0.28558360901595936	10.4	8.107879185184142	12.692120814815858	0.22039623219383253
29	9948.1	9934.58393960567	9961.61606039433	0.0013586574717110438	41.0	29.31827064293376	52.68172935706624	0.28492022822112784	10.9	8.728905212419942	13.071094787580058	0.19918300803486774
30	9941.5	9926.63827974294	9956.36172025706	0.0014949172918633706	44.9	33.16267137168312	56.63732862831688	0.26141043715627793	13.6	10.361961726709271	16.838038273290728	0.23809104950667126
31	9936.0	9919.031307957643	9952.968692042357	0.0017077991185947903	48.4	35.3081216867361	61.491878313263896	0.2704933535798326	15.6	11.578701467007008	19.62129853299299	0.25777554698673016
32	9928.9	9910.232215141565	9947.567784858435	0.001880146326222924	53.9	39.03751458203483	68.76248541796517	0.2757418444891497	17.2	13.198545852999036	21.201454147000963	0.23264268296517235
33	9920.3	9899.851272623588	9940.74872737641	0.0020613013090744264	61.8	45.02746102133166	78.57253897866833	0.2714003070981932	17.9	13.932079179338391	21.867920820661606	0.2216715542269054
34	9909.7	9886.546662120081	9932.85333787992	0.0023364317668465345	69.5	51.115188343050356	87.88481165694964	0.2645296641287719	20.8	15.789096354747903	25.810903645252097	0.24090882909865854
35	9900.1	9875.085341995367	9925.114658004633	0.0025267076094819896	76.0	56.998478296675714	95.00152170332429	0.2500200224121617	23.9	17.788453079519673	30.011546920480324	0.2557132602711434
36	9889.9	9861.004047406737	9918.795952593262	0.0029217638796410956	83.3	61.17900215366913	105.42099784633086	0.2655581974349444	26.8	19.9484889647991	33.6515110352009	0.2556533968358545
37	9877.1	9845.560322256313	9908.639677743688	0.0031932123542018883	94.0	69.28133922609317	118.71866077390683	0.26296447631815784	28.9	21.77470366671528	36.025296333284714	0.24655004613441933
38	9861.0	9824.8400626467	9897.1599373533	0.0036669645424703464	106.0	78.56451084349311	133.4354891565069	0.2588253694010084	33.0	24.16116786889676	41.83883213110324	0.26784339791221934
39	9846.1	9805.712838676449	9886.487161323552	0.004101843503879832	115.8	84.40967670168877	147.19032329831123	0.2710736036123595	38.1	28.9548024065643	47.245197593435705	0.2400314328985748
40	9831.5	9787.928754591056	9875.071245408944	0.0044318003772510495	126.7	94.12519868132763	159.27480131867236	0.2571018257195925	41.8	30.70338187120194	52.89661812879805	0.2654693332248339
41	9812.0	9763.504405846506	9860.495594153494	0.0049424780017828665	141.9	105.46366117379429	178.33633882620572	0.2567747626934863	46.1	33.76277193163784	58.43722806836216	0.2676188301163159
42	9787.8	9733.32651232956	9842.273487670438	0.005565447564359572	160.3	119.28890753147672	201.3110924685233	0.25583962862459947	51.9	38.383939605671365	65.41606039432864	0.2604250557674111
43	9763.4	9702.57157023459	9824.22842976541	0.006230250708299268	178.1	131.85568163931757	224.34431836068242	0.2596536685046739	58.5	43.6382797429403	73.3617202570597	0.25404650012067864
44	9742.9	9678.338450265483	9807.461549734517	0.006626522876609351	193.1	145.35300030951782	240.84699969048216	0.24726566385542292	64.0	47.03130795764216	80.96869204235784	0.2651358131618412
45	9716.2	9643.065625507234	9789.334374492768	0.007527055278068319	212.7	158.0771924392058	267.32280756079416	0.2568068056454828	71.1	52.43221514156521	89.76778485843478	0.26255674906378046
46	9680.9	9599.904488503062	9761.895511496938	0.00836652702712947	239.4	178.75599597158342	300.0440040284166	0.25331664172270923	79.7	59.251272623588974	100.14872737641103	0.25657123433388995
47	9640.9	9549.580270868166	9732.219729131833	0.009472116621045124	268.8	200.51032469272127	337.08967530727875	0.2540538515895786	90.3	67.14666212008089	113.4533378799191	0.256404627684597
48	9603.4	9502.987398710016	9703.812601289983	0.010455942821290653	296.7	221.18094752181332	372.21905247818665	0.2545300049820919	99.9	74.88534199536736	124.91465800463266	0.2503969770233498
49	9566.3	9453.839437750492	9678.760562249507	0.011755910043538967	323.6	239.91771343705545	407.2822865629446	0.2585979189213367	110.1	81.20404740673753	138.99595259326247	0.2624518854973884
50	9516.7	9394.696723818053	9638.703276181948	0.01281991406495398	360.4	269.79866796110326	451.0013320388967	0.2513910433931652	122.9	91.36032225631254	154.43967774368747	0.25662878554668406
51	9460.5	9321.811643608675	9599.188356391325	0.014659727962721388	400.5	297.7399217961163	503.2600782038837	0.25657947117074587	139.0	102.84006264669992	175.15993735330008	0.2601434341964035
52	9403.8	9252.569421777402	9555.030578222597	0.016081858208660163	442.3	331.3153480898816	553.2846519101184	0.25092618564349634	153.9	113.5128386764488	194.28716132355123	0.26242469995809753
53	9342.7	9174.890202621526	9510.509797378476	0.01796159540373507	488.8	364.28094764701274	613.3190523529872	0.25474437879089046	168.5	124.9287545910563	212.0712454089437	0.25858305880678745
54	9275.1	9092.600175888008	9457.599824111992	0.01967631875796393	536.9	402.7467052349077	671.0532947650922	0.2498664458280727	188.0	139.50440584650653	236.49559415349347	0.2579552880504973
55	9193.4	8992.3321888953	9394.4678111047	0.021870886843246288	594.4	447.5295635609709	741.270436439029	0.2470902362702373	212.2	157.72651232956136	266.6734876704386	0.25670823595871173
56	9112.7	8893.599298998304	9331.800701001697	0.02404344497258741	650.7	492.2456015127915	809.1543984872086	0.24351375209345097	236.6	175.77157023459094	297.4284297654091	0.2570939550524474
57	9021.2	8780.06074294498	9262.339257055022	0.02673028610994333	721.7	544.8432695828644	898.5567304171357	0.2450557439616677	257.1	192.53845026548277	321.6615497345173	0.25111454583631754
58	8921.5	8662.448103482588	9180.551896517412	0.029036809563124107	794.7	608.6952669349191	980.704733065081	0.23405654091491251	283.8	210.66562550723262	356.9343744927674	0.2576968798194764
59	8810.0	8528.690753997429	9091.309246002571	0.031930674915161196	870.9	670.1779820911523	1071.6220179088477	0.2304765391076446	319.1	238.10448850306236	400.09551149693766	0.25382485583496606
60	8691.0	8381.986056298383	9000.013943701617	0.03555562578548118	949.9	731.8530165413193	1167.9469834586805	0.22954730335685927	359.1	267.7802708681661	450.41972913183395	0.25430166842615964
61	8563.8	8229.070921695105	8898.529078304893	0.03908651279862847	1039.6	805.1376710691277	1274.0623289308721	0.22553128985270518	396.6	296.18739871001736	497.0126012899827	0.2531835635148327
62	8419.8	8062.581451561022	8777.018548438977	0.042426013496636175	1146.5	901.6740994038225	1391.3259005961775	0.21354199790333844	433.7	321.23943775049315	546.1605622495068	0.2593049625305668
63	8264.1	7880.017888904183	8648.182111095819	0.04647597573792887	1252.6	990.2796640975866	1514.9203359024132	0.20942067372059175	483.3	361.29672381805244	605.3032761819476	0.252437980926852
64	8099.8	7683.224742934007	8516.375257065994	0.05143031396651691	1360.7	1082.5049334646087	1638.8950665353914	0.20444996438259072	539.5	400.81164360867433	678.1883563913257	0.257068315831929
65	7925.0	7475.971078579265	8374.028921420735	0.05665980081018739	1478.8	1180.7188278577623	1776.8811721422376	0.20156963223034732	596.2	444.96942177740164	747.4305782225985	0.25365746095705877
66	7743.0	7265.860459156332	8220.139540843667	0.06162205099362883	1599.7	1290.1189182056498	1909.2810817943503	0.19352446195808598	657.3	489.4902026215243	825.1097973784756	0.2553016847382864
67	7537.7	7026.108485476842	8049.291514523157	0.06787103685781576	1737.4	1407.833866589651	2066.9661334103494	0.18968926753214518	724.9	542.4001758880088	907.3998241119912	0.2517586206538712
68	7321.8	6777.839359951866	7865.7606400481345	0.07429329400531759	1871.6	1528.19123030311	2215.00876969689	0.18348406160338215	806.6	605.5321888952996	1007.6678111047005	0.24927821857761032
69	7108.9	6537.568140140455	7680.231859859544	0.08036853238328634	2003.8	1650.8700029855404	2356.7299970144595	0.17613035084063264	887.3	668.1992989983027	1106.4007010016971	0.2469296754217258
70	6866.9	6268.31694745268	7465.483052547319	0.08716932714140581	2154.3	1795.6875486123736	2512.912451387627	0.16646356189371328	978.8	737.6607429449791	1219.9392570550208	0.24636213430222806
71	6615.8	5992.427048362837	7239.172951637163	0.09422487856905643	2305.7	1939.7961974150605	2671.6038025849393	0.15869532141429474	1078.5	819.4481034825883	1337.5518965174117	0.24019647335874986
72	6361.2	5712.188656313838	7010.211343686162	0.10202655846163645	2448.8	2078.8294693664207	2818.7705306335797	0.15108237938319974	1190.0	908.6907539974299	1471.30924600257	0.2363943243719077
73	6110.6	5444.181895128584	6777.018104871417	0.1090593566706078	2580.4	2220.0112023878714	2940.7887976121287	0.13966392714777887	1309.0	999.9860562983831	1618.0139437016169	0.23606871176594113
74	5836.4	5157.9201708936735	6514.879829106326	0.11624971371159036	2727.4	2379.465945139852	3075.334054860148	0.1275698668549344	1436.2	1101.4709216951055	1770.9290783048946	0.23306578352937923
75	5556.7	4870.714704203351	6242.6852957966485	0.12345192214743435	2863.1	2527.4834123995674	3198.7165876004324	0.11722139904314641	1580.2	1222.9814515610228	1937.4185484389773	0.22605907381279408
76	5271.4	4571.3482896440255	5971.451710355974	0.1328018572591673	2992.7	2668.121296410643	3317.2787035893566	0.10845681277420277	1735.9	1351.8178889041822	2119.9821110958183	0.22125820098843132
77	4993.5	4290.850594480517	5696.149405519483	0.14071280775397663	3106.3	2808.91641251392	3403.6835874860803	0.09573563000549856	1900.2	1483.6247429340065	2316.7752570659936	0.21922705876538978
78	4717.1	4020.45161568034	5413.7483843196605	0.14768573579522587	3207.9	2943.0748154457883	3472.725184554212	0.08255406482565283	2075.0	1625.971078579265	2524.028921420735	0.2163994802027639
79	4438.6	3754.1976772023663	5123.002322797634	0.15419328680161182	3304.4	3070.215024243754	3538.584975756246	0.07087064996860121	2257.0	1779.860459156332	2734.139540843668	0.21140431583680463
80	4170.5	3503.648344932227	4837.351655067773	0.15989729170789432	3367.2	3173.158481424373	3561.2415185756267	0.05762696560217006	2462.3	1950.7084854768423	2973.891514523158	0.20776977400120122
81	3914.8	3270.5983624872247	4559.001637512775	0.16455544025563895	3407.0	3246.076669608001	3567.923330391999	0.04723314657822098	2678.2	2134.2393599518655	3222.160640048134	0.20310680309466597
82	3664.0	3044.7816555491645	4283.2183444508355	0.16900063986103595	3444.9	3305.418875525846	3584.381124474154	0.040489164990029976	2891.1	2319.7681401404557	3462.431859859544	0.1976174673513695
83	3415.9	2827.7920735803955	4004.0079264196047	0.17216778196656943	3451.0	3312.343318207424	3589.656681792576	0.040178696549572894	3133.1	2534.51694745268	3731.6830525473197	0.19105137165980005
84	3182.9	2626.534368379823	3739.2656316201774	0.17479833850267906	3432.9	3277.8240528110414	3587.975947188959	0.04517345311222541	3384.2	2760.827048362836	4007.5729516371634	0.18420097855834866
85	2965.3	2442.550437218387	3488.0495627816135	0.1762889295456154	3395.9	3206.033127551377	3585.766872448623	0.055910619408293255	3638.8	2989.788656313838	4287.811343686162	0.1783586192388045
86	2768.7	2275.1817218680085	3262.218278131991	0.1782490981803704	3341.9	3114.82718002995	3568.9728199700503	0.06794722163142236	3889.4	3222.9818951285843	4555.818104871416	0.1713421362861665
87	2589.5	2129.347446398248	3049.652553601752	0.17769938351100684	3246.9	2981.2803076002165	3512.5196923997837	0.08180716757515898	4163.6	3485.120170893674	4842.0798291063265	0.16295509393465413
88	2420.8	1996.7304568408297	2844.869543159171	0.17517743851585035	3135.9	2836.1436512387036	3435.6563487612966	0.09558861850227891	4443.3	3757.3147042033515	5129.285295796649	0.1543864460641074
89	2262.3	1876.4865260235738	2648.1134739764266	0.1705403677568962	3009.1	2665.394774167407	3352.805225832593	0.11422193540679701	4728.6	4028.548289644026	5428.6517103559745	0.14804629496171684
90	2126.4	1772.4782682566795	2480.321731743321	0.16644174743384152	2867.1	2492.5567138808974	3241.6432861191024	0.13063488755854438	5006.5	4303.850594480517	5709.149405519483	0.14034742944561715
91	1996.3	1681.7983082743003	2310.8016917256996	0.15754229911621476	2720.8	2317.684298849319	3123.9157011506813	0.14816072520974752	5282.9	4586.2516156803395	5979.54838431966	0.13186855407440234
92	1872.4	1589.8719154646374	2154.928084535363	0.15089088043973656	2566.2	2146.155213946162	2986.2447860538377	0.1636835733979572	5561.4	4876.997677202366	6245.802322797634	0.12306295587399474
93	1767.3	1514.5549461785388	2020.0450538214611	0.14301196957022647	2403.2	1973.252341558164	2833.1476584418356	0.17890631592952552	5829.5	5162.648344932227	6496.351655067773	0.11439259886229923
94	1678.0	1453.3698313864295	1902.6301686135705	0.13386780012727678	2236.8	1803.0744939871881	2670.5255060128125	0.19390446441917564	6085.2	5440.998362487225	6729.401637512775	0.10586367539485562
95	1595.2	1397.8606435896913	1792.5393564103088	0.12370822242371403	2068.8	1633.5798266711263	2504.020173328874	0.21037324696871315	6336.0	5716.7816555491645	6955.2183444508355	0.09773016800044756
96	1524.2	1345.705494456046	1702.6945055439542	0.11710701059175582	1891.7	1469.5868816849977	2313.8131183150026	0.22313956669398022	6584.1	5995.992073580396	7172.2079264196045	0.08932244747491752
97	1463.1	1303.8087042207046	1622.3912957792952	0.10887245969468617	1719.8	1311.9544282379693	2127.6455717620306	0.2371470937097515	6817.1	6260.7343683798235	7373.465631620177	0.08161324193868025
98	1414.2	1268.0488511711287	1560.3511488288714	0.10334545950280824	1551.1	1164.6940298999689	1937.505970100031	0.2491173812778229	7034.7	6511.9504372183865	7557.449562781613	0.07431014297434338
99	1367.2	1236.5582531128691	1497.841746887131	0.09555423265588855	1401.5	1029.594169050871	1773.405830949129	0.265362704922675	7231.3	6737.781721868008	7724.818278131992	0.06824751816851624
100	1323.8	1209.08843136973	1438.51156863027	0.08665324719011182	1265.7	912.6037394264273	1618.796260573573	0.27897310624442817	7410.5	6950.3474463982475	7870.6525536017525	0.06209467021142327
101	1290.4	1190.2033755130644	1390.5966244869358	0.0776477251138683	1130.4	799.9628867101959	1460.8371132898042	0.2923187484870879	7579.2	7155.1304568408295	8003.26954315917	0.055951755219438806
102	1261.7	1171.9347900658638	1351.4652099341363	0.07114623914887547	1000.6	697.834078243259	1303.365921756741	0.30258437113406056	7737.7	7351.886526023573	8123.513473976426	0.04986151879452891
103	1236.9	1155.8034623504607	1317.9965376495395	0.06556434444946191	889.5	609.9815675083221	1169.018432491678	0.3142421950440449	7873.6	7519.67826825668	8227.521731743322	0.04495043331428071
104	1213.7	1143.0488322801448	1284.3511677198553	0.0582113930294597	782.6	532.2318505114911	1032.968149488509	0.31991841232878737	8003.7	7689.1983082743	8318.201691725699	0.03929453774200676
105	1193.3	1129.0159393759204	1257.5840606240795	0.053870829317086776	679.1	453.3028054959853	904.8971945040148	0.3324947643999628	8127.6	7845.071915464638	8410.128084535363	0.03476156362706859
106	1177.8	1122.2014312173255	1233.3985687826744	0.04720544131658557	589.5	385.1305876483575	793.8694123516425	0.34668263333611965	8232.7	7979.954946178539	8485.445053821462	0.030700141365707638
107	1163.8	1113.5812432107052	1214.0187567892947	0.043150676051980315	514.2	332.3505149712607	696.0494850287394	0.3536551634164515	8322.0	8097.36983138643	8546.63016861357	0.026992329802159386
108	1150.2	1107.5939715126372	1192.806028487363	0.037042278288439395	445.0	283.2003169995322	606.7996830004678	0.36359479325947824	8404.8	8207.460643589691	8602.139356410307	0.023479363745753455
109	1140.1	1102.7360384133958	1177.463961586604	0.032772530117186255	384.1	236.41755490955092	531.7824450904491	0.38448957326334054	8475.8	8297.305494456044	8654.294505543954	0.021059310689723006
110	1132.1	1098.22390800225	1165.9760919977498	0.029923232927965542	331.0	198.8569714788091	463.1430285211909	0.39922365112142266	8536.9	8377.608704220704	8696.191295779296	0.018659149782625464
111	1125.3	1094.1127542342927	1156.4872457657073	0.027714605674671083	288.9	166.44484071157598	411.355159288424	0.42386694111604023	8585.8	8439.648851171129	8731.95114882887	0.017022426428390067
112	1119.1	1090.3698123880463	1147.8301876119535	0.025672582979138204	248.1	137.84503427828216	358.3549657217178	0.4443972822318333	8632.8	8502.158253112868	8763.44174688713	0.015133183542666441
113	1113.8	1085.9902862371125	1141.6097137628874	0.024968319054486758	210.0	113.25299226883618	306.7470077311638	0.4607000368150658	8676.2	8561.488431369731	8790.91156863027	0.01322140667922247
114	1109.5	1082.9101625287324	1136.0898374712676	0.023965603849723065	180.9	96.91030883826117	264.8896911617388	0.46428795556516766	8709.6	8609.403375513064	8809.796624486937	0.011504159144729454
115	1104.1	1078.3483657547656	1129.8516342452342	0.023323643008091834	157.6	82.14636660837824	233.05363339162176	0.4787667093377015	8738.3	8648.534790065863	8828.065209934135	0.010272617091898445
116	1100.9	1076.0243843081323	1125.7756156918679	0.02259570868550081	136.0	67.56709734722412	204.43290265277588	0.5031831077409992	8763.1	8682.003462350462	8844.19653764954	0.009254320691255315
117	1097.8	1073.1855308481695	1122.4144691518304	0.022421633404837334	115.9	57.1715167567265	174.6284832432735	0.5067168528323858	8786.3	8715.648832280143	8856.951167719855	0.008041060255153505
118	1095.2	1071.0590154613392	1119.340984538661	0.022042535188696828	98.1	46.76520112581237	149.4347988741876	0.5232905084015049	8806.7	8742.415939375922	8870.98406062408	0.0072994493537964986
119	1092.9	1069.1899980234243	1116.6100019765759	0.021694575877551282	84.9	41.60340452008417	128.19659547991586	0.5099716782086671	8822.2	8766.601431217327	8877.798568782675	0.006302120648214105
120	1091.2	1067.5539943677143	1114.8460056322858	0.021669726569176824	72.6	34.90160355085124	110.29839644914875	0.519261659079184	8836.2	8785.981243210706	8886.418756789295	0.005683297887020968
121	1089.9	1066.1325127591354	1113.6674872408648	0.021807034811326394	60.3	30.6761040051619	89.92389599483809	0.49127522379499333	8849.8	8807.193971512635	8892.406028487363	0.004814349305901037
122	1089.0	1065.3487048100214	1112.6512951899786	0.021718361055995027	51.1	26.80722189852639	75.39277810147361	0.4753968317313818	8859.9	8822.536038413396	8897.263961586603	0.0042171990187929945
123	1088.2	1064.7859751793856	1111.6140248206145	0.02151628820126306	43.9	23.121922610800333	64.67807738919967	0.47330472412755503	8867.9	8834.02390800225	8901.77609199775	0.0038200805148625697
124	1087.2	1063.990860372553	1110.409139627447	0.021347626588895267	38.1	20.114783532597645	56.08521646740236	0.4720529256536051	8874.7	8843.512754234293	8905.887245765709	0.003514174649927025
125	1086.3	1063.0168695829839	1109.583130417016	0.021433425772821636	32.8	18.39069219656241	47.20930780343758	0.4393081647389509	8880.9	8852.169812388047	8909.630187611952	0.0032350536107774623
126	1085.4	1062.2585757173727	1108.5414242826275	0.02132064149864328	28.4	15.885456153510665	40.91454384648933	0.44065295234117374	8886.2	8858.390286237114	8914.009713762887	0.0031295394840187437
127	1084.8	1061.4540704558087	1108.1459295441912	0.021520952750913782	24.7	14.17536259168847	35.22463740831153	0.42609868049844246	8890.5	8863.910162528733	8917.089837471267	0.0029908146303658668
128	1084.6	1061.2311877732652	1107.9688122267346	0.021546019017826625	19.5	11.397883417202598	27.6021165827974	0.41549315809217446	8895.9	8870.148365754765	8921.651634245234	0.0028947755983356597
129	1084.1	1061.0194676715926	1107.1805323284073	0.021290039967168557	16.8	9.91537368711619	23.68462631288381	0.409799185290703	8899.1	8874.224384308132	8923.975615691868	0.0027952956694348692
130	1083.6	1060.4561188036832	1106.7438811963166	0.021358325208856298	14.2	8.702135835532026	19.697864164467973	0.3871735327090123	8902.2	8877.58553084817	8926.814469151832	0.0027649872112321026
131	1083.2	1060.1087538184822	1106.2912461815179	0.02131762018234652	12.0	6.604440328877962	17.395559671122037	0.4496299725935032	8904.8	8880.659015461339	8928.94098453866	0.002711008056178777
132	1083.0	1059.93043296874	1106.06956703126	0.021301539271708223	9.9	5.73629231957339	14.06370768042661	0.4205765333764253	8907.1	8883.389998023424	8930.810001976577	0.0026619216104653374
133	1083.0	1059.93043296874	1106.06956703126	0.021301539271708223	8.2	4.916623496921542	11.483376503078457	0.40041176866810463	8908.8	8885.153994367714	8932.446005632284	0.0026542301580780524
134	1082.7	1059.6747167889675	1105.7252832110325	0.02126654032606677	7.2	3.9866395691744696	10.41336043082553	0.44630005983687926	8910.1	8886.332512759136	8933.867487240865	0.002667477047492692
135	1082.5	1059.5088202838701	1105.4911797161299	0.021238965095731942	6.5	3.441669114877109	9.558330885122892	0.4705124438650602	8911.0	8887.348704810021	8934.651295189979	0.00265416846481636
136	1082.3	1059.4880769575875	1105.1119230424124	0.021077264198847284	5.9	3.049522391606825	8.750477608393176	0.4831317980327416	8911.8	8888.385975179384	8935.214024820614	0.0026273059113326672
137	1082.3	1059.4880769575875	1105.1119230424124	0.021077264198847284	4.9	2.7028719706625157	7.097128029337485	0.44839347537499685	8912.8	8889.590860372553	8936.009139627446	0.0026040233851816427
138	1082.1	1059.076198499208	1105.1238015007918	0.021276962850745713	4.2	2.0994531128886864	6.300546887111314	0.5001302112169794	8913.7	8890.416869582985	8936.983130417017	0.002612061255933691
139	1082.1	1059.076198499208	1105.1238015007918	0.021276962850745713	3.3	1.8281484578085248	4.771851542191475	0.4460156188459016	8914.6	8891.458575717374	8937.741424282627	0.0025959015864567584
140	1082.1	1059.076198499208	1105.1238015007918	0.021276962850745713	2.7	1.2673004635973724	4.132699536402628	0.5306294579268992	8915.2	8891.854070455809	8938.545929544192	0.0026186658228857756
141	1082.1	1059.076198499208	1105.1238015007918	0.021276962850745713	2.5	1.1406127260965364	3.8593872739034634	0.5437549095613854	8915.4	8892.031187773266	8938.768812226734	0.0026211737248732258
142	1082.0	1059.021807730241	1104.978192269759	0.021236776589425885	2.1	1.009879109125691	3.1901208908743093	0.5191051861306234	8915.9	8892.819467671592	8938.980532328407	0.002588693494589154
143	1082.0	1059.021807730241	1104.978192269759	0.021236776589425885	1.6	0.6343417761580558	2.5656582238419445	0.6035363899012152	8916.4	8893.256118803683	8939.543881196316	0.002595653088277409
144	1082.0	1059.021807730241	1104.978192269759	0.021236776589425885	1.2	0.19963646324975914	2.200363536750241	0.8336362806252007	8916.8	8893.708753818482	8939.891246181516	0.002589633745460003
145	1082.0	1059.021807730241	1104.978192269759	0.021236776589425885	1.0	0.1077931828876022	1.8922068171123978	0.8922068171123978	8917.0	8893.93043296874	8940.06956703126	0.002587144446704049
146	1081.8	1058.8099332060758	1104.790066793924	0.021251679417567084	1.2	0.0416027418934346	2.3583972581065655	0.9653310484221378	8917.0	8893.93043296874	8940.06956703126	0.002587144446704049
147	1081.8	1058.8099332060758	1104.790066793924	0.021251679417567084	0.9	0.11274619498855354	1.6872538050114465	0.8747264500127183	8917.3	8894.274716788967	8940.325283211032	0.0025820913517580995
148	1081.8	1058.8099332060758	1104.790066793924	0.021251679417567084	0.7	0.11106625842840845	1.2889337415715914	0.8413339165308451	8917.5	8894.50882028387	8940.49117971613	0.0025782091074998408
149	1081.8	1058.8099332060758	1104.790066793924	0.021251679417567084	0.5	-0.10793647043925403	1.107936470439254	1.215872940878508	8917.7	8894.888076957588	8940.511923042413	0.002558050062506298
150	1081.8	1058.8099332060758	1104.790066793924	0.021251679417567084	0.5	-0.10793647043925403	1.107936470439254	1.215872940878508	8917.7	8894.888076957588	8940.511923042413	0.002558050062506298
151	1081.8	1058.8099332060758	1104.790066793924	0.021251679417567084	0.3	-0.18282911192097218	0.7828291119209722	1.6094303730699073	8917.9	8894.876198499207	8940.923801500792	0.0025817514774545505
152	1081.8	1058.8099332060758	1104.790066793924	0.021251679417567084	0.3	-0.18282911192097218	0.7828291119209722	1.6094303730699073	8917.9	8894.876198499207	8940.923801500792	0.0025817514774545505
153	1081.8	1058.8099332060758	1104.790066793924	0.021251679417567084	0.3	-0.18282911192097218	0.7828291119209722	1.6094303730699073	8917.9	8894.876198499207	8940.923801500792	0.0025817514774545505
154	1081.8	1058.8099332060758	1104.790066793924	0.021251679417567084	0.3	-0.18282911192097218	0.7828291119209722	1.6094303730699073	8917.9	8894.876198499207	8940.923801500792	0.0025817514774545505
155	1081.8	1058.8099332060758	1104.790066793924	0.021251679417567084	0.2	-0.1016209550321322	0.5016209550321322	1.5081047751606609	8918.0	8895.021807730242	8940.978192269758	0.0025766082383672133
156	1081.8	1058.8099332060758	1104.790066793924	0.021251679417567084	0.2	-0.1016209550321322	0.5016209550321322	1.5081047751606609	8918.0	8895.021807730242	8940.978192269758	0.0025766082383672133
157	1081.8	1058.8099332060758	1104.790066793924	0.021251679417567084	0.2	-0.1016209550321322	0.5016209550321322	1.5081047751606609	8918.0	8895.021807730242	8940.978192269758	0.0025766082383672133
158	1081.8	1058.8099332060758	1104.790066793924	0.021251679417567084	0.2	-0.1016209550321322	0.5016209550321322	1.5081047751606609	8918.0	8895.021807730242	8940.978192269758	0.0025766082383672133
159	1081.8	1058.8099332060758	1104.790066793924	0.021251679417567084	0.0	0.0	0.0	nan	8918.2	8895.209933206077	8941.190066793924	0.002577881948590979
160	1081.8	1058.8099332060758	1104.790066793924	0.021251679417567084	0.0	0.0	0.0	nan	8918.2	8895.209933206077	8941.190066793924	0.002577881948590979
161	1081.8	1058.8099332060758	1104.790066793924	0.021251679417567084	0.0	0.0	0.0	nan	8918.2	8895.209933206077	8941.190066793924	0.002577881948590979
162	1081.8	1058.8099332060758	1104.790066793924	0.021251679417567084	0.0	0.0	0.0	nan	8918.2	8895.209933206077	8941.190066793924	0.002577881948590979
163	1081.8	1058.8099332060758	1104.790066793924	0.021251679417567084	0.0	0.0	0.0	nan	8918.2	8895.209933206077	8941.190066793924	0.002577881948590979
164	1081.8	1058.8099332060758	1104.790066793924	0.021251679417567084	0.0	0.0	0.0	nan	8918.2	8895.209933206077	8941.190066793924	0.002577881948590979
165	1081.8	1058.8099332060758	1104.790066793924	0.021251679417567084	0.0	0.0	0.0	nan	8918.2	8895.209933206077	8941.190066793924	0.002577881948590979
166	1081.8	1058.8099332060758	1104.790066793924	0.021251679417567084	0.0	0.0	0.0	nan	8918.2	8895.209933206077	8941.190066793924	0.002577881948590979
167	1081.8	1058.8099332060758	1104.790066793924	0.021251679417567084	0.0	0.0	0.0	nan	8918.2	8895.209933206077	8941.190066793924	0.002577881948590979
168	1081.8	1058.8099332060758	1104.790066793924	0.021251679417567084	0.0	0.0	0.0	nan	8918.2	8895.209933206077	8941.190066793924	0.002577881948590979
169	1081.8	1058.8099332060758	1104.790066793924	0.021251679417567084	0.0	0.0	0.0	nan	8918.2	8895.209933206077	8941.190066793924	0.002577881948590979
170	1081.8	1058.8099332060758	1104.790066793924	0.021251679417567084	0.0	0.0	0.0	nan	8918.2	8895.209933206077	8941.190066793924	0.002577881948590979
171	1081.8	1058.8099332060758	1104.790066793924	0.021251679417567084	0.0	0.0	0.0	nan	8918.2	8895.209933206077	8941.190066793924	0.002577881948590979
172	1081.8	1058.8099332060758	1104.790066793924	0.021251679417567084	0.0	0.0	0.0	nan	8918.2	8895.209933206077	8941.190066793924	0.002577881948590979
173	1081.8	1058.8099332060758	1104.790066793924	0.021251679417567084	0.0	0.0	0.0	nan	8918.2	8895.209933206077	8941.190066793924	0.002577881948590979
174	1081.8	1058.8099332060758	1104.790066793924	0.021251679417567084	0.0	0.0	0.0	nan	8918.2	8895.209933206077	8941.190066793924	0.002577881948590979
175	1081.8	1058.8099332060758	1104.790066793924	0.021251679417567084	0.0	0.0	0.0	nan	8918.2	8895.209933206077	8941.190066793924	0.002577881948590979
176	1081.8	1058.8099332060758	1104.790066793924	0.021251679417567084	0.0	0.0	0.0	nan	8918.2	8895.209933206077	8941.190066793924	0.002577881948590979
177	1081.8	1058.8099332060758	1104.790066793924	0.021251679417567084	0.0	0.0	0.0	nan	8918.2	8895.209933206077	8941.190066793924	0.002577881948590979
178	1081.8	1058.8099332060758	1104.790066793924	0.021251679417567084	0.0	0.0	0.0	nan	8918.2	8895.209933206077	8941.190066793924	0.002577881948590979
179	1081.8	1058.8099332060758	1104.790066793924	0.021251679417567084	0.0	0.0	0.0	nan	8918.2	8895.209933206077	8941.190066793924	0.002577881948590979
180	1081.8	1058.8099332060758	1104.790066793924	0.021251679417567084	0.0	0.0	0.0	nan	8918.2	8895.209933206077	8941.190066793924	0.002577881948590979
181	1081.8	1058.8099332060758	1104.790066793924	0.021251679417567084	0.0	0.0	0.0	nan	8918.2	8895.209933206077	8941.190066793924	0.002577881948590979
182	1081.8	1058.8099332060758	1104.790066793924	0.021251679417567084	0.0	0.0	0.0	nan	8918.2	8895.209933206077	8941.190066793924	0.002577881948590979
183	1081.8	1058.8099332060758	1104.790066793924	0.021251679417567084	0.0	0.0	0.0	nan	8918.2	8895.209933206077	8941.190066793924	0.002577881948590979
184	1081.8	1058.8099332060758	1104.790066793924	0.021251679417567084	0.0	0.0	0.0	nan	8918.2	8895.209933206077	8941.190066793924	0.002577881948590979
185	1081.8	1058.8099332060758	1104.790066793924	0.021251679417567084	0.0	0.0	0.0	nan	8918.2	8895.209933206077	8941.190066793924	0.002577881948590979
186	1081.8	1058.8099332060758	1104.790066793924	0.021251679417567084	0.0	0.0	0.0	nan	8918.2	8895.209933206077	8941.190066793924	0.002577881948590979
187	1081.8	1058.8099332060758	1104.790066793924	0.021251679417567084	0.0	0.0	0.0	nan	8918.2	8895.209933206077	8941.190066793924	0.002577881948590979
188	1081.8	1058.8099332060758	1104.790066793924	0.021251679417567084	0.0	0.0	0.0	nan	8918.2	8895.209933206077	8941.190066793924	0.002577881948590979
189	1081.8	1058.8099332060758	1104.790066793924	0.021251679417567084	0.0	0.0	0.0	nan	8918.2	8895.209933206077	8941.190066793924	0.002577881948590979
190	1081.8	1058.8099332060758	1104.790066793924	0.021251679417567084	0.0	0.0	0.0	nan	8918.2	8895.209933206077	8941.190066793924	0.002577881948590979
191	1081.8	1058.8099332060758	1104.790066793924	0.021251679417567084	0.0	0.0	0.0	nan	8918.2	8895.209933206077	8941.190066793924	0.002577881948590979
192	1081.8	1058.8099332060758	1104.790066793924	0.021251679417567084	0.0	0.0	0.0	nan	8918.2	8895.209933206077	8941.190066793924	0.002577881948590979
193	1081.8	1058.8099332060758	1104.790066793924	0.021251679417567084	0.0	0.0	0.0	nan	8918.2	8895.209933206077	8941.190066793924	0.002577881948590979
194	1081.8	1058.8099332060758	1104.790066793924	0.021251679417567084	0.0	0.0	0.0	nan	8918.2	8895.209933206077	8941.190066793924	0.002577881948590979
195	1081.8	1058.8099332060758	1104.790066793924	0.021251679417567084	0.0	0.0	0.0	nan	8918.2	8895.209933206077	8941.190066793924	0.002577881948590979
196	1081.8	1058.8099332060758	1104.790066793924	0.021251679417567084	0.0	0.0	0.0	nan	8918.2	8895.209933206077	8941.190066793924	0.002577881948590979
197	1081.8	1058.8099332060758	1104.790066793924	0.021251679417567084	0.0	0.0	0.0	nan	8918.2	8895.209933206077	8941.190066793924	0.002577881948590979
198	1081.8	1058.8099332060758	1104.790066793924	0.021251679417567084	0.0	0.0	0.0	nan	8918.2	8895.209933206077	8941.190066793924	0.002577881948590979
199	1081.8	1058.8099332060758	1104.790066793924	0.021251679417567084	0.0	0.0	0.0	nan	8918.2	8895.209933206077	8941.190066793924	0.002577881948590979
200	1081.8	1058.8099332060758	1104.790066793924	0.021251679417567084	0.0	0.0	0.0	nan	8918.2	8895.209933206077	8941.190066793924	0.002577881948590979
201	1081.8	1058.8099332060758	1104.790066793924	0.021251679417567084	0.0	0.0	0.0	nan	8918.2	8895.209933206077	8941.190066793924	0.002577881948590979
202	1081.8	1058.8099332060758	1104.790066793924	0.021251679417567084	0.0	0.0	0.0	nan	8918.2	8895.209933206077	8941.190066793924	0.002577881948590979
203	1081.8	1058.8099332060758	1104.790066793924	0.021251679417567084	0.0	0.0	0.0	nan	8918.2	8895.209933206077	8941.190066793924	0.002577881948590979
204	1081.8	1058.8099332060758	1104.790066793924	0.021251679417567084	0.0	0.0	0.0	nan	8918.2	8895.209933206077	8941.190066793924	0.002577881948590979
205	1081.8	1058.8099332060758	1104.790066793924	0.021251679417567084	0.0	0.0	0.0	nan	8918.2	8895.209933206077	8941.190066793924	0.002577881948590979
206	1081.8	1058.8099332060758	1104.790066793924	0.021251679417567084	0.0	0.0	0.0	nan	8918.2	8895.209933206077	8941.190066793924	0.002577881948590979
207	1081.8	1058.8099332060758	1104.790066793924	0.021251679417567084	0.0	0.0	0.0	nan	8918.2	8895.209933206077	8941.190066793924	0.002577881948590979
208	1081.8	1058.8099332060758	1104.790066793924	0.021251679417567084	0.0	0.0	0.0	nan	8918.2	8895.209933206077	8941.190066793924	0.002577881948590979
209	1081.8	1058.8099332060758	1104.790066793924	0.021251679417567084	0.0	0.0	0.0	nan	8918.2	8895.209933206077	8941.190066793924	0.002577881948590979
210	1081.8	1058.8099332060758	1104.790066793924	0.021251679417567084	0.0	0.0	0.0	nan	8918.2	8895.209933206077	8941.190066793924	0.002577881948590979
211	1081.8	1058.8099332060758	1104.790066793924	0.021251679417567084	0.0	0.0	0.0	nan	8918.2	8895.209933206077	8941.190066793924	0.002577881948590979
212	1081.8	1058.8099332060758	1104.790066793924	0.021251679417567084	0.0	0.0	0.0	nan	8918.2	8895.209933206077	8941.190066793924	0.002577881948590979
213	1081.8	1058.8099332060758	1104.790066793924	0.021251679417567084	0.0	0.0	0.0	nan	8918.2	8895.209933206077	8941.190066793924	0.002577881948590979
214	1081.8	1058.8099332060758	1104.790066793924	0.021251679417567084	0.0	0.0	0.0	nan	8918.2	8895.209933206077	8941.190066793924	0.002577881948590979
215	1081.8	1058.8099332060758	1104.790066793924	0.021251679417567084	0.0	0.0	0.0	nan	8918.2	8895.209933206077	8941.190066793924	0.002577881948590979
216	1081.8	1058.8099332060758	1104.790066793924	0.021251679417567084	0.0	0.0	0.0	nan	8918.2	8895.209933206077	8941.190066793924	0.002577881948590979
217	1081.8	1058.8099332060758	1104.790066793924	0.021251679417567084	0.0	0.0	0.0	nan	8918.2	8895.209933206077	8941.190066793924	0.002577881948590979
218	1081.8	1058.8099332060758	1104.790066793924	0.021251679417567084	0.0	0.0	0.0	nan	8918.2	8895.209933206077	8941.190066793924	0.002577881948590979
219	1081.8	1058.8099332060758	1104.790066793924	0.021251679417567084	0.0	0.0	0.0	nan	8918.2	8895.209933206077	8941.190066793924	0.002577881948590979
220	1081.8	1058.8099332060758	1104.790066793924	0.021251679417567084	0.0	0.0	0.0	nan	8918.2	8895.209933206077	8941.190066793924	0.002577881948590979
221	1081.8	1058.8099332060758	1104.790066793924	0.021251679417567084	0.0	0.0	0.0	nan	8918.2	8895.209933206077	8941.190066793924	0.002577881948590979
222	1081.8	1058.8099332060758	1104.790066793924	0.021251679417567084	0.0	0.0	0.0	nan	8918.2	8895.209933206077	8941.190066793924	0.002577881948590979
223	1081.8	1058.8099332060758	1104.790066793924	0.021251679417567084	0.0	0.0	0.0	nan	8918.2	8895.209933206077	8941.190066793924	0.002577881948590979
224	1081.8	1058.8099332060758	1104.790066793924	0.021251679417567084	0.0	0.0	0.0	nan	8918.2	8895.209933206077	8941.190066793924	0.002577881948590979
225	1081.8	1058.8099332060758	1104.790066793924	0.021251679417567084	0.0	0.0	0.0	nan	8918.2	8895.209933206077	8941.190066793924	0.002577881948590979
226	1081.8	1058.8099332060758	1104.790066793924	0.021251679417567084	0.0	0.0	0.0	nan	8918.2	8895.209933206077	8941.190066793924	0.002577881948590979
227	1081.8	1058.8099332060758	1104.790066793924	0.021251679417567084	0.0	0.0	0.0	nan	8918.2	8895.209933206077	8941.190066793924	0.002577881948590979
228	1081.8	1058.8099332060758	1104.790066793924	0.021251679417567084	0.0	0.0	0.0	nan	8918.2	8895.209933206077	8941.190066793924	0.002577881948590979
229	1081.8	1058.8099332060758	1104.790066793924	0.021251679417567084	0.0	0.0	0.0	nan	8918.2	8895.209933206077	8941.190066793924	0.002577881948590979
230	1081.8	1058.8099332060758	1104.790066793924	0.021251679417567084	0.0	0.0	0.0	nan	8918.2	8895.209933206077	8941.190066793924	0.002577881948590979
231	1081.8	1058.8099332060758	1104.790066793924	0.021251679417567084	0.0	0.0	0.0	nan	8918.2	8895.209933206077	8941.190066793924	0.002577881948590979
232	1081.8	1058.8099332060758	1104.790066793924	0.021251679417567084	0.0	0.0	0.0	nan	8918.2	8895.209933206077	8941.190066793924	0.002577881948590979
233	1081.8	1058.8099332060758	1104.790066793924	0.021251679417567084	0.0	0.0	0.0	nan	8918.2	8895.209933206077	8941.190066793924	0.002577881948590979
234	1081.8	1058.8099332060758	1104.790066793924	0.021251679417567084	0.0	0.0	0.0	nan	8918.2	8895.209933206077	8941.190066793924	0.002577881948590979
235	1081.8	1058.8099332060758	1104.790066793924	0.021251679417567084	0.0	0.0	0.0	nan	8918.2	8895.209933206077	8941.190066793924	0.002577881948590979
236	1081.8	1058.8099332060758	1104.790066793924	0.021251679417567084	0.0	0.0	0.0	nan	8918.2	8895.209933206077	8941.190066793924	0.002577881948590979
237	1081.8	1058.8099332060758	1104.790066793924	0.021251679417567084	0.0	0.0	0.0	nan	8918.2	8895.209933206077	8941.190066793924	0.002577881948590979
238	1081.8	1058.8099332060758	1104.790066793924	0.021251679417567084	0.0	0.0	0.0	nan	8918.2	8895.209933206077	8941.190066793924	0.002577881948590979
239	1081.8	1058.8099332060758	1104.790066793924	0.021251679417567084	0.0	0.0	0.0	nan	8918.2	8895.209933206077	8941.190066793924	0.002577881948590979
240	1081.8	1058.8099332060758	1104.790066793924	0.021251679417567084	0.0	0.0	0.0	nan	8918.2	8895.209933206077	8941.190066793924	0.002577881948590979
241	1081.8	1058.8099332060758	1104.790066793924	0.021251679417567084	0.0	0.0	0.0	nan	8918.2	8895.209933206077	8941.190066793924	0.002577881948590979
242	1081.8	1058.8099332060758	1104.790066793924	0.021251679417567084	0.0	0.0	0.0	nan	8918.2	8895.209933206077	8941.190066793924	0.002577881948590979
243	1081.8	1058.8099332060758	1104.790066793924	0.021251679417567084	0.0	0.0	0.0	nan	8918.2	8895.209933206077	8941.190066793924	0.002577881948590979
244	1081.8	1058.8099332060758	1104.790066793924	0.021251679417567084	0.0	0.0	0.0	nan	8918.2	8895.209933206077	8941.190066793924	0.002577881948590979
245	1081.8	1058.8099332060758	1104.790066793924	0.021251679417567084	0.0	0.0	0.0	nan	8918.2	8895.209933206077	8941.190066793924	0.002577881948590979
246	1081.8	1058.8099332060758	1104.790066793924	0.021251679417567084	0.0	0.0	0.0	nan	8918.2	8895.209933206077	8941.190066793924	0.002577881948590979
247	1081.8	1058.8099332060758	1104.790066793924	0.021251679417567084	0.0	0.0	0.0	nan	8918.2	8895.209933206077	8941.190066793924	0.002577881948590979
248	1081.8	1058.8099332060758	1104.790066793924	0.021251679417567084	0.0	0.0	0.0	nan	8918.2	8895.209933206077	8941.190066793924	0.002577881948590979
249	1081.8	1058.8099332060758	1104.790066793924	0.021251679417567084	0.0	0.0	0.0	nan	8918.2	8895.209933206077	8941.190066793924	0.002577881948590979
250	1081.8	1058.8099332060758	1104.790066793924	0.021251679417567084	0.0	0.0	0.0	nan	8918.2	8895.209933206077	8941.190066793924	0.002577881948590979
251	1081.8	1058.8099332060758	1104.790066793924	0.021251679417567084	0.0	0.0	0.0	nan	8918.2	8895.209933206077	8941.190066793924	0.002577881948590979
252	1081.8	1058.8099332060758	1104.790066793924	0.021251679417567084	0.0	0.0	0.0	nan	8918.2	8895.209933206077	8941.190066793924	0.002577881948590979
253	1081.8	1058.8099332060758	1104.790066793924	0.021251679417567084	0.0	0.0	0.0	nan	8918.2	8895.209933206077	8941.190066793924	0.002577881948590979
254	1081.8	1058.8099332060758	1104.790066793924	0.021251679417567084	0.0	0.0	0.0	nan	8918.2	8895.209933206077	8941.190066793924	0.002577881948590979
255	1081.8	1058.8099332060758	1104.790066793924	0.021251679417567084	0.0	0.0	0.0	nan	8918.2	8895.209933206077	8941.190066793924	0.002577881948590979
256	1081.8	1058.8099332060758	1104.790066793924	0.021251679417567084	0.0	0.0	0.0	nan	8918.2	8895.209933206077	8941.190066793924	0.002577881948590979
257	1081.8	1058.8099332060758	1104.790066793924	0.021251679417567084	0.0	0.0	0.0	nan	8918.2	8895.209933206077	8941.190066793924	0.002577881948590979
258	1081.8	1058.8099332060758	1104.790066793924	0.021251679417567084	0.0	0.0	0.0	nan	8918.2	8895.209933206077	8941.190066793924	0.002577881948590979
259	1081.8	1058.8099332060758	1104.790066793924	0.021251679417567084	0.0	0.0	0.0	nan	8918.2	8895.209933206077	8941.190066793924	0.002577881948590979
260	1081.8	1058.8099332060758	1104.790066793924	0.021251679417567084	0.0	0.0	0.0	nan	8918.2	8895.209933206077	8941.190066793924	0.002577881948590979
261	1081.8	1058.8099332060758	1104.790066793924	0.021251679417567084	0.0	0.0	0.0	nan	8918.2	8895.209933206077	8941.190066793924	0.002577881948590979
262	1081.8	1058.8099332060758	1104.790066793924	0.021251679417567084	0.0	0.0	0.0	nan	8918.2	8895.209933206077	8941.190066793924	0.002577881948590979
263	1081.8	1058.8099332060758	1104.790066793924	0.021251679417567084	0.0	0.0	0.0	nan	8918.2	8895.209933206077	8941.190066793924	0.002577881948590979
264	1081.8	1058.8099332060758	1104.790066793924	0.021251679417567084	0.0	0.0	0.0	nan	8918.2	8895.209933206077	8941.190066793924	0.002577881948590979
265	1081.8	1058.8099332060758	1104.790066793924	0.021251679417567084	0.0	0.0	0.0	nan	8918.2	8895.209933206077	8941.190066793924	0.002577881948590979
266	1081.8	1058.8099332060758	1104.790066793924	0.021251679417567084	0.0	0.0	0.0	nan	8918.2	8895.209933206077	8941.190066793924	0.002577881948590979
267	1081.8	1058.8099332060758	1104.790066793924	0.021251679417567084	0.0	0.0	0.0	nan	8918.2	8895.209933206077	8941.190066793924	0.002577881948590979
268	1081.8	1058.8099332060758	1104.790066793924	0.021251679417567084	0.0	0.0	0.0	nan	8918.2	8895.209933206077	8941.190066793924	0.002577881948590979
269	1081.8	1058.8099332060758	1104.790066793924	0.021251679417567084	0.0	0.0	0.0	nan	8918.2	8895.209933206077	8941.190066793924	0.002577881948590979
270	1081.8	1058.8099332060758	1104.790066793924	0.021251679417567084	0.0	0.0	0.0	nan	8918.2	8895.209933206077	8941.190066793924	0.002577881948590979
271	1081.8	1058.8099332060758	1104.790066793924	0.021251679417567084	0.0	0.0	0.0	nan	8918.2	8895.209933206077	8941.190066793924	0.002577881948590979
272	1081.8	1058.8099332060758	1104.790066793924	0.021251679417567084	0.0	0.0	0.0	nan	8918.2	8895.209933206077	8941.190066793924	0.002577881948590979
273	1081.8	1058.8099332060758	1104.790066793924	0.021251679417567084	0.0	0.0	0.0	nan	8918.2	8895.209933206077	8941.190066793924	0.002577881948590979
274	1081.8	1058.8099332060758	1104.790066793924	0.021251679417567084	0.0	0.0	0.0	nan	8918.2	8895.209933206077	8941.190066793924	0.002577881948590979
275	1081.8	1058.8099332060758	1104.790066793924	0.021251679417567084	0.0	0.0	0.0	nan	8918.2	8895.209933206077	8941.190066793924	0.002577881948590979
276	1081.8	1058.8099332060758	1104.790066793924	0.021251679417567084	0.0	0.0	0.0	nan	8918.2	8895.209933206077	8941.190066793924	0.002577881948590979
277	1081.8	1058.8099332060758	1104.790066793924	0.021251679417567084	0.0	0.0	0.0	nan	8918.2	8895.209933206077	8941.190066793924	0.002577881948590979
278	1081.8	1058.8099332060758	1104.790066793924	0.021251679417567084	0.0	0.0	0.0	nan	8918.2	8895.209933206077	8941.190066793924	0.002577881948590979
279	1081.8	1058.8099332060758	1104.790066793924	0.021251679417567084	0.0	0.0	0.0	nan	8918.2	8895.209933206077	8941.190066793924	0.002577881948590979
280	1081.8	1058.8099332060758	1104.790066793924	0.021251679417567084	0.0	0.0	0.0	nan	8918.2	8895.209933206077	8941.190066793924	0.002577881948590979
281	1081.8	1058.8099332060758	1104.790066793924	0.021251679417567084	0.0	0.0	0.0	nan	8918.2	8895.209933206077	8941.190066793924	0.002577881948590979
282	1081.8	1058.8099332060758	1104.790066793924	0.021251679417567084	0.0	0.0	0.0	nan	8918.2	8895.209933206077	8941.190066793924	0.002577881948590979
283	1081.8	1058.8099332060758	1104.790066793924	0.021251679417567084	0.0	0.0	0.0	nan	8918.2	8895.209933206077	8941.190066793924	0.002577881948590979
284	1081.8	1058.8099332060758	1104.790066793924	0.021251679417567084	0.0	0.0	0.0	nan	8918.2	8895.209933206077	8941.190066793924	0.002577881948590979
285	1081.8	1058.8099332060758	1104.790066793924	0.021251679417567084	0.0	0.0	0.0	nan	8918.2	8895.209933206077	8941.190066793924	0.002577881948590979
286	1081.8	1058.8099332060758	1104.790066793924	0.021251679417567084	0.0	0.0	0.0	nan	8918.2	8895.209933206077	8941.190066793924	0.002577881948590979
287	1081.8	1058.8099332060758	1104.790066793924	0.021251679417567084	0.0	0.0	0.0	nan	8918.2	8895.209933206077	8941.190066793924	0.002577881948590979
288	1081.8	1058.8099332060758	1104.790066793924	0.021251679417567084	0.0	0.0	0.0	nan	8918.2	8895.209933206077	8941.190066793924	0.002577881948590979
289	1081.8	1058.8099332060758	1104.790066793924	0.021251679417567084	0.0	0.0	0.0	nan	8918.2	8895.209933206077	8941.190066793924	0.002577881948590979
290	1081.8	1058.8099332060758	1104.790066793924	0.021251679417567084	0.0	0.0	0.0	nan	8918.2	8895.209933206077	8941.190066793924	0.002577881948590979
291	1081.8	1058.8099332060758	1104.790066793924	0.021251679417567084	0.0	0.0	0.0	nan	8918.2	8895.209933206077	8941.190066793924	0.002577881948590979
292	1081.8	1058.8099332060758	1104.790066793924	0.021251679417567084	0.0	0.0	0.0	nan	8918.2	8895.209933206077	8941.190066793924	0.002577881948590979
293	1081.8	1058.8099332060758	1104.790066793924	0.021251679417567084	0.0	0.0	0.0	nan	8918.2	8895.209933206077	8941.190066793924	0.002577881948590979
294	1081.8	1058.8099332060758	1104.790066793924	0.021251679417567084	0.0	0.0	0.0	nan	8918.2	8895.209933206077	8941.190066793924	0.002577881948590979
295	1081.8	1058.8099332060758	1104.790066793924	0.021251679417567084	0.0	0.0	0.0	nan	8918.2	8895.209933206077	8941.190066793924	0.002577881948590979
296	1081.8	1058.8099332060758	1104.790066793924	0.021251679417567084	0.0	0.0	0.0	nan	8918.2	8895.209933206077	8941.190066793924	0.002577881948590979
297	1081.8	1058.8099332060758	1104.790066793924	0.021251679417567084	0.0	0.0	0.0	nan	8918.2	8895.209933206077	8941.190066793924	0.002577881948590979
298	1081.8	1058.8099332060758	1104.790066793924	0.021251679417567084	0.0	0.0	0.0	nan	8918.2	8895.209933206077	8941.190066793924	0.002577881948590979
299	1081.8	1058.8099332060758	1104.790066793924	0.021251679417567084	0.0	0.0	0.0	nan	8918.2	8895.209933206077	8941.190066793924	0.002577881948590979
300	1081.8	1058.8099332060758	1104.790066793924	0.021251679417567084	0.0	0.0	0.0	nan	8918.2	8895.209933206077	8941.190066793924	0.002577881948590979
301	1081.8	1058.8099332060758	1104.790066793924	0.021251679417567084	0.0	0.0	0.0	nan	8918.2	8895.209933206077	8941.190066793924	0.002577881948590979
302	1081.8	1058.8099332060758	1104.790066793924	0.021251679417567084	0.0	0.0	0.0	nan	8918.2	8895.209933206077	8941.190066793924	0.002577881948590979
303	1081.8	1058.8099332060758	1104.790066793924	0.021251679417567084	0.0	0.0	0.0	nan	8918.2	8895.209933206077	8941.190066793924	0.002577881948590979
304	1081.8	1058.8099332060758	1104.790066793924	0.021251679417567084	0.0	0.0	0.0	nan	8918.2	8895.209933206077	8941.190066793924	0.002577881948590979
305	1081.8	1058.8099332060758	1104.790066793924	0.021251679417567084	0.0	0.0	0.0	nan	8918.2	8895.209933206077	8941.190066793924	0.002577881948590979
306	1081.8	1058.8099332060758	1104.790066793924	0.021251679417567084	0.0	0.0	0.0	nan	8918.2	8895.209933206077	8941.190066793924	0.002577881948590979
307	1081.8	1058.8099332060758	1104.790066793924	0.021251679417567084	0.0	0.0	0.0	nan	8918.2	8895.209933206077	8941.190066793924	0.002577881948590979
308	1081.8	1058.8099332060758	1104.790066793924	0.021251679417567084	0.0	0.0	0.0	nan	8918.2	8895.209933206077	8941.190066793924	0.002577881948590979
309	1081.8	1058.8099332060758	1104.790066793924	0.021251679417567084	0.0	0.0	0.0	nan	8918.2	8895.209933206077	8941.190066793924	0.002577881948590979
310	1081.8	1058.8099332060758	1104.790066793924	0.021251679417567084	0.0	0.0	0.0	nan	8918.2	8895.209933206077	8941.190066793924	0.002577881948590979
311	1081.8	1058.8099332060758	1104.790066793924	0.021251679417567084	0.0	0.0	0.0	nan	8918.2	8895.209933206077	8941.190066793924	0.002577881948590979
312	1081.8	1058.8099332060758	1104.790066793924	0.021251679417567084	0.0	0.0	0.0	nan	8918.2	8895.209933206077	8941.190066793924	0.002577881948590979
313	1081.8	1058.8099332060758	1104.790066793924	0.021251679417567084	0.0	0.0	0.0	nan	8918.2	8895.209933206077	8941.190066793924	0.002577881948590979
314	1081.8	1058.8099332060758	1104.790066793924	0.021251679417567084	0.0	0.0	0.0	nan	8918.2	8895.209933206077	8941.190066793924	0.002577881948590979
315	1081.8	1058.8099332060758	1104.790066793924	0.021251679417567084	0.0	0.0	0.0	nan	8918.2	8895.209933206077	8941.190066793924	0.002577881948590979
316	1081.8	1058.8099332060758	1104.790066793924	0.021251679417567084	0.0	0.0	0.0	nan	8918.2	8895.209933206077	8941.190066793924	0.002577881948590979
317	1081.8	1058.8099332060758	1104.790066793924	0.021251679417567084	0.0	0.0	0.0	nan	8918.2	8895.209933206077	8941.190066793924	0.002577881948590979
318	1081.8	1058.8099332060758	1104.790066793924	0.021251679417567084	0.0	0.0	0.0	nan	8918.2	8895.209933206077	8941.190066793924	0.002577881948590979
319	1081.8	1058.8099332060758	1104.790066793924	0.021251679417567084	0.0	0.0	0.0	nan	8918.2	8895.209933206077	8941.190066793924	0.002577881948590979
320	1081.8	1058.8099332060758	1104.790066793924	0.021251679417567084	0.0	0.0	0.0	nan	8918.2	8895.209933206077	8941.190066793924	0.002577881948590979
321	1081.8	1058.8099332060758	1104.790066793924	0.021251679417567084	0.0	0.0	0.0	nan	8918.2	8895.209933206077	8941.190066793924	0.002577881948590979
322	1081.8	1058.8099332060758	1104.790066793924	0.021251679417567084	0.0	0.0	0.0	nan	8918.2	8895.209933206077	8941.190066793924	0.002577881948590979
323	1081.8	1058.8099332060758	1104.790066793924	0.021251679417567084	0.0	0.0	0.0	nan	8918.2	8895.209933206077	8941.190066793924	0.002577881948590979
324	1081.8	1058.8099332060758	1104.790066793924	0.021251679417567084	0.0	0.0	0.0	nan	8918.2	8895.209933206077	8941.190066793924	0.002577881948590979
325	1081.8	1058.8099332060758	1104.790066793924	0.021251679417567084	0.0	0.0	0.0	nan	8918.2	8895.209933206077	8941.190066793924	0.002577881948590979
326	1081.8	1058.8099332060758	1104.790066793924	0.021251679417567084	0.0	0.0	0.0	nan	8918.2	8895.209933206077	8941.190066793924	0.002577881948590979
327	1081.8	1058.8099332060758	1104.790066793924	0.021251679417567084	0.0	0.0	0.0	nan	8918.2	8895.209933206077	8941.190066793924	0.002577881948590979
328	1081.8	1058.8099332060758	1104.790066793924	0.021251679417567084	0.0	0.0	0.0	nan	8918.2	8895.209933206077	8941.190066793924	0.002577881948590979
329	1081.8	1058.8099332060758	1104.790066793924	0.021251679417567084	0.0	0.0	0.0	nan	8918.2	8895.209933206077	8941.190066793924	0.002577881948590979
330	1081.8	1058.8099332060758	1104.790066793924	0.021251679417567084	0.0	0.0	0.0	nan	8918.2	8895.209933206077	8941.190066793924	0.002577881948590979
331	1081.8	1058.8099332060758	1104.790066793924	0.021251679417567084	0.0	0.0	0.0	nan	8918.2	8895.209933206077	8941.190066793924	0.002577881948590979
332	1081.8	1058.8099332060758	1104.790066793924	0.021251679417567084	0.0	0.0	0.0	nan	8918.2	8895.209933206077	8941.190066793924	0.002577881948590979
333	1081.8	1058.8099332060758	1104.790066793924	0.021251679417567084	0.0	0.0	0.0	nan	8918.2	8895.209933206077	8941.190066793924	0.002577881948590979
334	1081.8	1058.8099332060758	1104.790066793924	0.021251679417567084	0.0	0.0	0.0	nan	8918.2	8895.209933206077	8941.190066793924	0.002577881948590979
335	1081.8	1058.8099332060758	1104.790066793924	0.021251679417567084	0.0	0.0	0.0	nan	8918.2	8895.209933206077	8941.190066793924	0.002577881948590979
336	1081.8	1058.8099332060758	1104.790066793924	0.021251679417567084	0.0	0.0	0.0	nan	8918.2	8895.209933206077	8941.190066793924	0.002577881948590979
337	1081.8	1058.8099332060758	1104.790066793924	0.021251679417567084	0.0	0.0	0.0	nan	8918.2	8895.209933206077	8941.190066793924	0.002577881948590979
338	1081.8	1058.8099332060758	1104.790066793924	0.021251679417567084	0.0	0.0	0.0	nan	8918.2	8895.209933206077	8941.190066793924	0.002577881948590979
339	1081.8	1058.8099332060758	1104.790066793924	0.021251679417567084	0.0	0.0	0.0	nan	8918.2	8895.209933206077	8941.190066793924	0.002577881948590979
340	1081.8	1058.8099332060758	1104.790066793924	0.021251679417567084	0.0	0.0	0.0	nan	8918.2	8895.209933206077	8941.190066793924	0.002577881948590979
341	1081.8	1058.8099332060758	1104.790066793924	0.021251679417567084	0.0	0.0	0.0	nan	8918.2	8895.209933206077	8941.190066793924	0.002577881948590979
342	1081.8	1058.8099332060758	1104.790066793924	0.021251679417567084	0.0	0.0	0.0	nan	8918.2	8895.209933206077	8941.190066793924	0.002577881948590979
343	1081.8	1058.8099332060758	1104.790066793924	0.021251679417567084	0.0	0.0	0.0	nan	8918.2	8895.209933206077	8941.190066793924	0.002577881948590979
344	1081.8	1058.8099332060758	1104.790066793924	0.021251679417567084	0.0	0.0	0.0	nan	8918.2	8895.209933206077	8941.190066793924	0.002577881948590979
345	1081.8	1058.8099332060758	1104.790066793924	0.021251679417567084	0.0	0.0	0.0	nan	8918.2	8895.209933206077	8941.190066793924	0.002577881948590979
346	1081.8	1058.8099332060758	1104.790066793924	0.021251679417567084	0.0	0.0	0.0	nan	8918.2	8895.209933206077	8941.190066793924	0.002577881948590979
347	1081.8	1058.8099332060758	1104.790066793924	0.021251679417567084	0.0	0.0	0.0	nan	8918.2	8895.209933206077	8941.190066793924	0.002577881948590979
348	1081.8	1058.8099332060758	1104.790066793924	0.021251679417567084	0.0	0.0	0.0	nan	8918.2	8895.209933206077	8941.190066793924	0.002577881948590979
349	1081.8	1058.8099332060758	1104.790066793924	0.021251679417567084	0.0	0.0	0.0	nan	8918.2	8895.209933206077	8941.190066793924	0.002577881948590979
350	1081.8	1058.8099332060758	1104.790066793924	0.021251679417567084	0.0	0.0	0.0	nan	8918.2	8895.209933206077	8941.190066793924	0.002577881948590979
351	1081.8	1058.8099332060758	1104.790066793924	0.021251679417567084	0.0	0.0	0.0	nan	8918.2	8895.209933206077	8941.190066793924	0.002577881948590979
352	1081.8	1058.8099332060758	1104.790066793924	0.021251679417567084	0.0	0.0	0.0	nan	8918.2	8895.209933206077	8941.190066793924	0.002577881948590979
353	1081.8	1058.8099332060758	1104.790066793924	0.021251679417567084	0.0	0.0	0.0	nan	8918.2	8895.209933206077	8941.190066793924	0.002577881948590979
354	1081.8	1058.8099332060758	1104.790066793924	0.021251679417567084	0.0	0.0	0.0	nan	8918.2	8895.209933206077	8941.190066793924	0.002577881948590979
355	1081.8	1058.8099332060758	1104.790066793924	0.021251679417567084	0.0	0.0	0.0	nan	8918.2	8895.209933206077	8941.190066793924	0.002577881948590979
356	1081.8	1058.8099332060758	1104.790066793924	0.021251679417567084	0.0	0.0	0.0	nan	8918.2	8895.209933206077	8941.190066793924	0.002577881948590979
357	1081.8	1058.8099332060758	1104.790066793924	0.021251679417567084	0.0	0.0	0.0	nan	8918.2	8895.209933206077	8941.190066793924	0.002577881948590979
358	1081.8	1058.8099332060758	1104.790066793924	0.021251679417567084	0.0	0.0	0.0	nan	8918.2	8895.209933206077	8941.190066793924	0.002577881948590979
359	1081.8	1058.8099332060758	1104.790066793924	0.021251679417567084	0.0	0.0	0.0	nan	8918.2	8895.209933206077	8941.190066793924	0.002577881948590979
360	1081.8	1058.8099332060758	1104.790066793924	0.021251679417567084	0.0	0.0	0.0	nan	8918.2	8895.209933206077	8941.190066793924	0.002577881948590979
361	1081.8	1058.8099332060758	1104.790066793924	0.021251679417567084	0.0	0.0	0.0	nan	8918.2	8895.209933206077	8941.190066793924	0.002577881948590979
362	1081.8	1058.8099332060758	1104.790066793924	0.021251679417567084	0.0	0.0	0.0	nan	8918.2	8895.209933206077	8941.190066793924	0.002577881948590979
363	1081.8	1058.8099332060758	1104.790066793924	0.021251679417567084	0.0	0.0	0.0	nan	8918.2	8895.209933206077	8941.190066793924	0.002577881948590979
364	1081.8	1058.8099332060758	1104.790066793924	0.021251679417567084	0.0	0.0	0.0	nan	8918.2	8895.209933206077	8941.190066793924	0.002577881948590979
365	1081.8	1058.8099332060758	1104.790066793924	0.021251679417567084	0.0	0.0	0.0	nan	8918.2	8895.209933206077	8941.190066793924	0.002577881948590979
