day	mean(S_t)	ciLow(S_t)	ciHigh(S_t)	relerr(S_t)	mean(I_t)	ciLow(I_t)	ciHigh(I_t)	relerr(I_t)	mean(R_t)	ciLow(R_t)	ciHigh(R_t)	relerr(R_t)
0	9999.0	9999.0	9999.0	0.0	1.0	1.0	1.0	0.0	0.0	0.0	0.0	0
1	9998.5	9998.05312802055	9998.94687197945	4.469390203020185e-05	1.5	1.0531280205510267	1.9468719794489733	0.29791465296598213	0.0	0.0	0.0	0
2	9998.25	9997.658843937248	9998.841156062752	5.912595331708797e-05	1.75	1.158843937247425	2.341156062752575	0.3378034644300428	0.0	0.0	0.0	0
3	9997.875	9997.046477175521	9998.703522824479	8.286989229998672e-05	2.0	1.1062560411020537	2.8937439588979466	0.44687197944897317	0.125	-0.1705780313762874	0.4205780313762874	2.3646242510102993
4	9997.5	9996.086866722433	9998.913133277567	0.00014134866492290183	2.375	0.8971098431185629	3.852890156881437	0.6222695397395525	0.125	-0.1705780313762874	0.4205780313762874	2.3646242510102993
5	9997.0	9995.052130200882	9998.947869799118	0.00019484543354186844	2.75	0.9765318117422759	4.523468188257724	0.6448975230028088	0.25	-0.13700248644224833	0.6370024864422483	1.5480099457689933
6	9996.375	9994.143434800406	9998.606565199594	0.00022323744353270385	3.125	0.9159196580858073	5.334080341914193	0.7069057094125416	0.5	0.05312802055102683	0.9468719794489732	0.8937439588979463
7	9995.375	9992.217113461435	9998.532886538565	0.00031593477368942793	3.875	1.1044838240384274	6.645516175961573	0.71497191637718	0.75	-0.11536386714630809	1.615363867146308	1.1538184895284107
8	9994.375	9990.829823453103	9997.920176546897	0.00035471718310525253	4.75	1.7274139556893604	7.772586044310639	0.6363339040653978	0.875	-0.2588138157264368	2.0088138157264366	1.2957872179730707
9	9993.5	9989.2606001673	9997.7393998327	0.00042421572349028193	5.375	1.532485592108264	9.217514407891736	0.7148864014682299	1.125	-0.572966518181466	2.822966518181466	1.5093035717168588
10	9992.625	9987.282356269598	9997.967643730402	0.0005346586838195187	5.875	1.286395004537888	10.463604995462113	0.7810391481637637	1.5	-0.11121983547136272	3.1112198354713625	1.0741465569809086
11	9991.75	9985.465924854858	9998.034075145142	0.0006289263787766892	6.625	0.9208144007810501	12.329185599218949	0.861009147051917	1.625	-0.04330543182505053	3.2933054318250505	1.0266494965077233
12	9990.625	9983.40642667697	9997.84357332303	0.0007225347085923575	7.75	1.0357578031279457	14.464242196872053	0.8663538318544586	1.625	-0.04330543182505053	3.2933054318250505	1.0266494965077233
13	9989.375	9980.920523450646	9997.829476549354	0.0008463468985151055	8.625	1.0289978496294552	16.221002150370545	0.8806959014922371	2.0	0.3279581571524566	3.6720418428475434	0.8360209214237717
14	9987.625	9977.979006694311	9997.270993305689	0.0009657945012641253	10.25	1.4618333307260905	19.03816666927391	0.8573821140755034	2.125	0.2061804251228141	4.043819574877186	0.9029739175892639
15	9985.125	9972.309528895186	9997.940471104814	0.0012834562516557016	11.625	0.4716492156844243	22.778350784315577	0.9594280244572538	3.25	0.8539159503518037	5.646084049648197	0.7372566306609835
16	9982.875	9967.567188519904	9998.182811480096	0.0015334071076814925	12.75	-0.8905796022752472	26.390579602275245	1.0698493805706075	4.375	1.3134377039808243	7.436562296019176	0.6997856676615258
17	9980.125	9961.75188967701	9998.49811032299	0.001840969960094683	14.75	-1.3234204444490452	30.823420444449045	1.089723419962647	5.125	1.7678789015639729	8.482121098436027	0.6550480192070297
18	9978.0	9957.414765750973	9998.585234249027	0.0020630621616583565	15.75	-0.921080116587035	32.421080116587035	1.0584812772436212	6.25	1.7202520314911425	10.779747968508858	0.7247596749614172
19	9974.625	9949.95403414318	9999.29596585682	0.0024733727690834984	17.875	-1.7387477428636195	37.48874774286362	1.0972726009993634	7.5	2.0087451827006637	12.991254817299335	0.7321673089732449
20	9970.5	9940.284051300214	10000.715948699786	0.003030534948075414	21.375	-2.9782416766034494	45.728241676603446	1.1393329439346642	8.125	1.909823605572849	14.34017639442715	0.7649447870064185
21	9966.875	9932.604150738323	10001.145849261677	0.00343847487418834	23.5	-3.2265310626263997	50.2265310626264	1.137299194154315	9.625	1.8343217780039467	17.415678221996053	0.8094211139736159
22	9962.375	9923.02250479895	10001.72749520105	0.003950111815812032	27.375	-3.293370107131789	58.04337010713179	1.1203057573381476	10.25	1.4052079596510527	19.09479204034895	0.8629065405218486
23	9955.625	9909.634214375727	10001.615785624273	0.004619577939534065	32.75	-2.979503731550736	68.47950373155074	1.0909772131771216	11.625	1.2701218722497032	21.979878127750297	0.89074220453766
24	9949.75	9897.514220821262	10001.985779178738	0.005249958961656155	36.625	-2.9274303837831113	76.1774303837831	1.0799298398302557	13.625	0.8759256874402137	26.374074312559785	0.935711876151177
25	9942.375	9883.239234517738	10001.510765482262	0.005947851039843294	42.125	-2.419950042782645	86.66995004278265	1.0574468852886088	15.5	0.8551386520091935	30.144861347990805	0.9448297643865037
26	9934.875	9866.526317867863	10003.223682132137	0.006879672077619245	47.375	-4.661966036417901	99.41196603641791	1.0984056155444413	17.75	1.2777508647084126	34.22224913529159	0.9280140357910753
27	9926.375	9847.464522390112	10005.285477609888	0.007949576518103315	52.625	-6.20775815271714	111.45775815271713	1.117962150170397	21.0	0.7177218736581388	41.282278126341865	0.965822767921041
28	9917.125	9828.969449423326	10005.280550576674	0.008889224505758764	58.25	-6.790600880181543	123.29060088018154	1.1165768391447475	24.625	1.2551014733665582	47.99489852663344	0.9490314122490737
29	9906.25	9803.742058160578	10008.757941839422	0.010347804854452672	65.125	-10.147978471446564	140.39797847144655	1.1558230859339205	28.625	1.1580455000831371	56.091954499916866	0.9595442620058293
30	9894.375	9775.642420616603	10013.107579383397	0.012000008023083476	73.0	-12.701611058906863	158.70161105890685	1.17399467203982	32.625	-0.627012437201131	65.87701243720113	1.0192187720214907
31	9883.125	9755.370062946753	10010.879937053247	0.012926573027584523	80.875	-9.892209838990183	171.6422098389902	1.1223148048097704	36.0	-1.3853215520541937	73.3853215520542	1.0384811542237276
32	9868.375	9723.877069382785	10012.872930617215	0.014642525300995982	91.625	-11.861266721706599	195.1112667217066	1.1294544799094854	40.0	-1.5350617649448424	81.53506176494484	1.038376544123621
33	9852.5	9688.406077864887	10016.593922135113	0.016655054263903783	101.75	-13.245321350682119	216.7453213506821	1.1301751484096523	45.75	-3.751536298873873	95.25153629887387	1.0820007934180083
34	9831.5	9641.482173253484	10021.517826746516	0.019327450210702018	117.125	-18.173517523239354	252.42351752323935	1.1551634366978814	51.375	-3.659125793584259	106.40912579358425	1.071223859729134
35	9809.75	9595.258548729553	10024.241451270447	0.021865129210270177	133.25	-19.570906855066653	286.07090685506665	1.146873597411382	57.0	-4.92201032012423	118.92201032012423	1.0863510582477935
36	9786.5	9548.147517603993	10024.852482396007	0.024355232452460768	148.5	-17.632434111242475	314.63243411124245	1.118736930042037	65.0	-7.506269694104091	137.5062696941041	1.1154810722169861
37	9760.125	9490.381051202206	10029.868948797794	0.027637345709997985	165.875	-21.461620770834912	353.2116207708349	1.1293843000502481	74.0	-8.613323276278052	156.61332327627804	1.116396260490244
38	9729.125	9429.935136459646	10028.314863540354	0.03075198062933236	185.5	-18.026517235382357	389.02651723538236	1.0971779904872365	85.375	-10.5339063305086	181.28390633050861	1.1233839687321652
39	9698.875	9366.43335034386	10031.31664965614	0.03427631036137077	203.375	-17.670366921534793	424.42036692153476	1.0868856394420887	97.75	-13.779031641851901	209.2790316418519	1.1409619605304542
40	9662.5	9295.428736632282	10029.571263367718	0.03798926399665896	228.25	-13.954097556390934	470.45409755639093	1.0611351481112419	109.25	-15.715054448937991	234.215054448938	1.1438448919811257
41	9628.0	9227.687251947507	10028.312748052493	0.041577975493611564	249.5	-9.652230514721623	508.6522305147216	1.038686294648183	122.5	-18.854302681217717	263.85430268121775	1.153912674948716
42	9591.5	9158.812297372859	10024.187702627141	0.045111578233554876	270.375	-3.8438447672530742	544.5938447672531	1.0142167166611302	138.125	-20.81853564711642	297.0685356471164	1.1507224300243724
43	9550.25	9081.1172598043	10019.3827401957	0.04912256120998941	296.0	2.8254156010661404	589.1745843989338	0.9904546770234252	153.75	-22.9016926571816	330.40169265718157	1.148954098583295
44	9497.875	8981.623849012316	10014.126150987684	0.054354384637372535	329.125	6.867574078787186	651.3824259212129	0.9791338425255232	173.0	-21.999079724733974	367.999079724734	1.1271623105475952
45	9444.625	8887.53245635864	10001.71754364136	0.058985141669612	361.5	19.010889476640102	703.9891105233598	0.9474110941171782	193.875	-22.250066152974625	410.0000661529746	1.1147650091707266
46	9385.5	8780.073725809594	9990.926274190406	0.06450655523844297	399.375	30.40323909625789	768.346760903742	0.923872953749589	215.125	-23.642858473874412	453.8928584738744	1.1099028865723388
47	9323.625	8668.61082999199	9978.63917000801	0.07025316548102374	438.25	39.60118261341381	836.8988173865862	0.9096379175963176	238.125	-20.84355337885745	497.09355337885745	1.0875319826933647
48	9252.375	8539.30019954314	9965.44980045686	0.07706937953302367	482.375	48.688808861952	916.061191138048	0.8990644024629137	265.25	-16.612442018123375	547.1124420181234	1.062629376128646
49	9174.75	8404.04522821964	9945.45477178036	0.08400280898992993	533.625	66.81209706140334	1000.4379029385966	0.874795789062725	291.625	-14.958144227848038	598.208144227848	1.0512923934088232
50	9094.125	8267.805367737608	9920.444632262392	0.09086301675668532	582.0	89.01999501492435	1074.9800049850755	0.847044682104941	323.875	-12.78822944806592	660.538229448066	1.0394850774158733
51	9004.875	8117.967918107929	9891.78208189207	0.0984918815521671	635.375	113.51443980366014	1157.23556019634	0.8213426090046663	359.75	-8.935835692074704	728.4358356920748	1.0248390151273794
52	8905.0	7948.595302241407	9861.404697758593	0.10740086443106046	696.625	134.7256537497501	1258.52434625025	0.8066023272926609	398.375	-0.6201060241916139	797.3701060241916	1.0015565887020812
53	8804.875	7779.265795760427	9830.484204239574	0.11648197211653467	748.875	159.06620759904058	1338.6837924009594	0.7875931128705851	446.25	5.49584884619469	887.0041511538053	0.9876843723334573
54	8700.5	7607.562405188373	9793.437594811627	0.12561779148458446	808.5	190.7379949460351	1426.262005053965	0.7640841126208595	491.0	10.864599264987078	971.1354007350129	0.977872506588621
55	8577.5	7409.3985279503495	9745.601472049651	0.13618204279214816	879.875	227.27841857778958	1532.4715814222104	0.74169237837444	542.625	20.62517056276954	1064.6248294372303	0.9619900104809591
56	8462.625	7230.553655431133	9694.696344568867	0.14558973658514548	938.375	262.9103106085057	1613.8396893914942	0.7198238331066943	599.0	34.658188289891314	1163.3418117101087	0.9421399193824853
57	8334.0	7033.759338360112	9634.240661639888	0.15601639808493972	1006.5	299.213453934973	1713.7865460650269	0.702718873388005	659.5	58.07771543481488	1260.9222845651852	0.9119367468767022
58	8205.75	6847.626449904519	9563.87355009548	0.1655087652067734	1067.625	351.7591110801027	1783.4908889198973	0.6705218488887927	726.625	72.90659223051648	1380.3434077694835	0.8996640739989451
59	8069.75	6651.147546065067	9488.352453934933	0.17579261488087403	1138.125	405.8070161720706	1870.4429838279293	0.6434424899092186	792.125	91.59156966460068	1492.6584303353993	0.8843723280232278
60	7923.125	6454.570378996064	9391.679621003936	0.1853504294080853	1211.375	472.53344023682564	1950.2165597631742	0.6099197686622015	865.5	117.83576818378287	1613.1642318162171	0.8638523764485466
61	7772.875	6247.970518954238	9297.779481045762	0.196182812800381	1285.0	539.1679888210698	2030.8320111789303	0.5804140164816577	942.125	141.90374166499123	1742.3462583350088	0.849379072134811
62	7616.75	6041.818271712757	9191.681728287243	0.20677214406239444	1360.25	611.9052956616549	2108.594704338345	0.5501523281296417	1023.0	170.1371296318904	1875.8628703681097	0.8336880453256204
63	7448.875	5831.2967345577335	9066.453265442266	0.21715739161178924	1446.25	695.9072672913633	2196.5927327086365	0.5188195213197142	1104.875	207.245618887232	2002.504381112768	0.8124261849646051
64	7276.25	5614.46422228332	8938.03577771668	0.22838492049018108	1527.5	774.8147528045034	2280.1852471954967	0.49275629930965403	1196.25	251.83813921709213	2140.6618607829078	0.7894769996095363
65	7096.375	5393.395021986583	8799.354978013418	0.23997885934909266	1611.0	857.5809989958565	2364.4190010041434	0.46767163314968563	1292.625	302.6015417477081	2282.6484582522917	0.7659015246125457
66	6921.125	5191.022607680535	8651.227392319466	0.24997415771561204	1682.5	950.4379021793413	2414.562097820659	0.4351037728503172	1396.375	357.1367709641627	2435.6132290358373	0.7442400709235251
67	6737.625	4981.143939162324	8494.106060837676	0.2606973615832991	1759.125	1037.3589041264954	2480.8910958735046	0.41029835621317673	1503.25	422.29589319970955	2584.2041068002904	0.7190780687179713
68	6533.875	4761.488707505962	8306.261292494039	0.2712611264363089	1855.625	1153.1804925062734	2558.0695074937266	0.3785487409868517	1610.5	486.2029584203169	2734.797041579683	0.6981043412478628
69	6336.5	4562.748755027902	8110.251244972098	0.27992602303670755	1939.25	1268.3923430029736	2610.1076569970264	0.3459366543751586	1724.25	558.3597424213613	2890.1402575786387	0.6761723981897282
70	6133.75	4359.310062577273	7908.189937422727	0.28929120642718187	2019.625	1387.5277936626126	2651.7222063373874	0.3129775113386829	1846.625	634.745189616287	3058.504810383713	0.6562674123786437
71	5930.5	4162.6742798590285	7698.3257201409715	0.29809050166781403	2085.0	1494.8162596399334	2675.1837403600666	0.2830617459760511	1984.5	732.6294039624038	3236.3705960375964	0.6308241854560828
72	5722.125	3972.104295733962	7472.145704266039	0.3058340571494048	2156.75	1612.740167525139	2700.759832474861	0.25223592557081764	2121.125	833.9430605355265	3408.3069394644735	0.6068392666459891
73	5510.625	3783.646740972455	7237.6032590275445	0.313390633372357	2231.5	1734.4202508008002	2728.5797491992	0.22275588133506605	2257.875	934.8323790806917	3580.9176209193083	0.5859680544402628
74	5295.375	3598.6281075769853	6992.121892423014	0.3204205353583107	2304.0	1854.717836496173	2753.282163503827	0.1950009390207582	2400.625	1050.5038339908049	3750.746166009195	0.5624040264552752
75	5092.375	3428.943414978888	6755.8065850211115	0.3266514318016862	2359.0	1952.4005197816175	2765.5994802183823	0.1723609496474703	2548.625	1175.5483997488293	3921.701600251171	0.5387519153469698
76	4890.0	3263.0805177424472	6516.919482257553	0.3327033706048166	2403.625	2043.7329572613244	2763.5170427386756	0.14972886483485381	2706.375	1308.879928697017	4103.870071302983	0.516371556529669
77	4679.0	3095.8342393523544	6262.165760647646	0.33835558039060604	2462.0	2143.6056746134614	2780.3943253865386	0.12932344654205472	2859.0	1438.8315688032096	4279.16843119679	0.49673607247177
78	4473.375	2944.638371919566	6002.1116280804345	0.34174121956697884	2500.25	2221.500819349304	2778.999180650696	0.11148852340793768	3026.375	1590.9929206812576	4461.757079318742	0.47429088573582007
79	4271.25	2802.5381728830544	5739.961827116946	0.34385995367092675	2542.5	2275.4245398307494	2809.5754601692506	0.10504442877846627	3186.25	1742.4196526655146	4630.080347334486	0.4531440870410311
80	4083.0	2677.3700311637913	5488.629968836209	0.34426401392020783	2564.0	2299.873331053484	2828.126668946516	0.10301352142999838	3353.0	1901.6484173812967	4804.351582618703	0.4328516500503142
81	3892.875	2545.283481529266	5240.466518470734	0.3461687103928932	2583.125	2308.192870708554	2858.057129291446	0.10643392375183013	3524.0	2076.6184269794617	4971.381573020539	0.4107212182237623
82	3716.625	2434.7092700908097	4998.54072990919	0.3449139286070536	2591.0	2300.487842208375	2881.512157791625	0.11212356533833466	3692.375	2247.9217616873175	5136.8282383126825	0.3911989541454166
83	3534.25	2325.7072447524833	4742.792755247517	0.3419516885470797	2605.375	2282.7216906042677	2928.0283093957323	0.12384140839446622	3860.375	2421.4434140629937	5299.306585937006	0.3727439914352896
84	3356.25	2216.2775878093134	4496.222412190687	0.3396565846378209	2621.25	2267.093947623531	2975.406052376469	0.13510960510308778	4022.5	2598.128949863143	5446.871050136857	0.35410094472016335
85	3193.375	2113.7803950303355	4272.969604969665	0.33807323128967454	2614.5	2230.629686593538	2998.370313406462	0.1468236042862735	4192.125	2790.213781105663	5594.036218894336	0.33441541435294436
86	3033.5	2018.2403983129016	4048.7596016870984	0.33468257843649196	2599.0	2182.233717982476	3015.766282017524	0.16035639939112128	4367.5	2990.455674963763	5744.544325036237	0.31529349170835413
87	2879.0	1927.38048010675	3830.61951989325	0.3305382146207885	2587.125	2137.4697576360372	3036.7802423639628	0.17380499294157134	4533.875	3181.082252288632	5886.667747711368	0.29837451356982014
88	2739.125	1848.0821698172008	3630.167830182799	0.3253019961421254	2562.625	2088.434039176557	3036.815960823443	0.18504110465770188	4698.25	3374.4252107097104	6022.074789290289	0.28176976305864726
89	2605.625	1767.4157392661132	3443.834260733887	0.32169220848506097	2521.625	2031.20281444899	3012.04718555101	0.1944865654294393	4872.75	3579.41743186639	6166.08256813361	0.26542149056151243
90	2475.5	1692.4261210481698	3258.57387895183	0.3163295814792285	2478.625	1966.124412352709	2991.125587647291	0.20676810233387105	5045.875	3778.487259113408	6313.262740886592	0.2511730355759094
91	2355.625	1624.5225105424615	3086.7274894575385	0.31036454845637085	2426.625	1894.6538094710186	2958.5961905289814	0.21922266132137488	5217.75	3977.8003345254924	6457.699665474507	0.23764068141909972
92	2245.5	1564.1406776456413	2926.8593223543585	0.30343323195473554	2375.375	1831.8627526695905	2918.8872473304095	0.22881113396007344	5379.125	4174.268769216856	6583.981230783144	0.2239874014422689
93	2141.375	1503.818511015716	2778.931488984284	0.2977322930286774	2310.75	1758.8510291140083	2862.6489708859917	0.23883975803786292	5547.875	4374.737794105485	6721.012205894515	0.2114570364138549
94	2043.5	1448.7123881296727	2638.287611870327	0.29106318173248213	2245.625	1685.5335986065656	2805.7164013934344	0.24941448433885188	5710.875	4571.114771744773	6850.635228255227	0.19957716256356994
95	1952.875	1399.2403941945836	2506.5096058054164	0.2834972058147175	2184.75	1618.831891579173	2750.6681084208267	0.25903106003928456	5862.375	4756.192274241968	6968.557725758032	0.18869190827233523
96	1873.5	1352.4399902229761	2394.560009777024	0.27812116881613236	2122.75	1556.6805313159443	2688.8194686840557	0.2666679866607258	6003.75	4929.399428771374	7078.100571228626	0.1789465869212786
97	1793.0	1309.8241280457626	2276.175871954237	0.26947901391758916	2055.375	1492.407649414183	2618.3423505858173	0.27390006718278515	6151.625	5117.878942983463	7185.371057016537	0.16804438778640385
98	1723.125	1271.433921548675	2174.816078451325	0.26213482971422564	1986.375	1429.8973728541023	2542.8526271458977	0.2801473171711775	6290.5	5294.534733705139	7286.465266294861	0.15832847409504192
99	1651.875	1235.371271386763	2068.378728613237	0.25213997948587935	1923.375	1364.9568408735681	2481.793159126432	0.29033244121735596	6424.75	5461.728883102006	7387.771116897994	0.14989238754784134
100	1592.125	1200.8249921223255	1983.4250078776745	0.2457721647971575	1841.375	1300.8835833201315	2381.8664166798685	0.29352598828585624	6566.5	5647.50084793658	7485.49915206342	0.13995266154929115
101	1529.25	1166.4395550150832	1892.0604449849168	0.23724730749381512	1774.875	1245.8211445823492	2303.928855417651	0.29807950160864893	6695.875	5816.408415221199	7575.341584778801	0.13134453447515096
102	1474.5	1131.9187770616381	1817.0812229383619	0.23233721460723075	1708.0	1193.317537763201	2222.682462236799	0.3013363362042148	6817.5	5972.026481582196	7662.973518417804	0.12401518421969991
103	1425.625	1105.9347293389842	1745.3152706610158	0.22424569621114662	1640.75	1140.537596489623	2140.962403510377	0.3048681417098139	6933.625	6124.970308907103	7742.279691092897	0.11662798191319793
104	1375.0	1080.436444339488	1669.563555660512	0.21422804048037244	1578.0	1086.0099830797112	2069.990016920289	0.31178074583034776	7047.0	6269.529053067816	7824.470946932184	0.11032651439366878
105	1333.125	1052.5586287972	1613.6913712028	0.2104576624118518	1506.125	1033.8854504778794	1978.3645495221206	0.31354605329711716	7160.75	6416.02919846091	7905.47080153909	0.10400039123542781
106	1289.625	1028.879148922273	1550.370851077727	0.20218734211707035	1441.75	984.4076386689605	1899.0923613310395	0.3172133596886003	7268.625	6558.324984569961	7978.925015430039	0.09772137308363532
107	1249.125	1006.8225248375868	1491.4274751624132	0.1939777645651261	1384.625	940.372454983582	1828.877545016418	0.320846832186634	7366.25	6687.134292042965	8045.365707957035	0.09219286719253827
108	1215.5	989.9141736804253	1441.0858263195748	0.18559097187953497	1323.375	894.6917704644397	1752.0582295355603	0.32393178769098724	7461.125	6813.995363809575	8108.254636190425	0.08673352023862685
109	1183.625	973.5647762440703	1393.6852237559297	0.17747193896371713	1267.0	850.517712542321	1683.482287457679	0.32871530186083586	7549.375	6929.947578150156	8168.802421849844	0.08205015936416507
110	1154.0	958.4640176647515	1349.5359823352485	0.16944192576711312	1213.75	808.3997333300263	1619.1002666699737	0.3339652042595046	7632.25	7037.8580645624215	8226.64193543758	0.07787899183564198
111	1127.125	946.668689660703	1307.581310339297	0.16010319204994752	1154.0	764.0264192337704	1543.9735807662296	0.33793204572463575	7718.875	7153.8465212394485	8283.903478760552	0.07320088468339643
112	1099.875	931.3613377986659	1268.3886622013342	0.15321164877948326	1097.875	718.9329793935242	1476.8170206064758	0.3451595314643978	7802.25	7259.674216232702	8344.825783767299	0.06954093803291339
113	1074.875	915.8240795537636	1233.9259204462364	0.1479715505954054	1047.625	683.0582673272384	1412.1917326727616	0.34799354031524804	7877.5	7359.099612059465	8395.900387940535	0.06580772934821146
114	1054.875	902.5909968239624	1207.1590031760375	0.14436213122506228	993.875	646.3946250370218	1341.3553749629782	0.34962180854028746	7951.25	7456.252639547587	8446.247360452413	0.062254030555247634
115	1034.125	890.6885352521216	1177.5614647478783	0.13870321745231806	948.875	614.5999921626153	1283.1500078373847	0.35228560962970323	8017.0	7543.873355280267	8490.126644719734	0.05901542281648162
116	1015.875	881.2371093579766	1150.5128906420234	0.13253391474543952	894.625	576.6445967911502	1212.6054032088498	0.35543429169635304	8089.5	7642.441490429645	8536.558509570355	0.05526404716859573
117	998.5	868.6838822559212	1128.3161177440788	0.1300111344457475	851.125	548.3658741572465	1153.8841258427535	0.3557164057485722	8150.375	7724.326463253225	8576.423536746775	0.05227348885747897
118	984.125	860.8406113675969	1107.409388632403	0.12527309908030285	809.0	517.3298392368217	1100.6701607631783	0.360531719113941	8206.875	7798.0009511666285	8615.749048833371	0.04982091829513319
119	967.0	854.0350414855935	1079.9649585144064	0.11682001914623209	768.0	490.54539644831993	1045.45460355168	0.3612690150412501	8265.0	7880.379491281516	8649.620508718484	0.046536056711250336
120	951.75	845.2652267978395	1058.2347732021603	0.11188313443883419	729.375	463.35892396133	995.39107603867	0.3647178420410214	8318.875	7952.070829231841	8685.679170768159	0.044093001850389425
121	939.75	839.5611925824492	1039.9388074175508	0.1066121919846245	692.125	439.9096323547901	944.3403676452099	0.36440724962284254	8368.125	8020.9188618508715	8715.33113814913	0.041491509525625976
122	926.75	833.4631329243082	1020.0368670756918	0.10066022883808132	656.375	414.4253135596068	898.3246864403932	0.36861502409505725	8416.875	8087.393820492316	8746.356179507684	0.03914530981007601
123	914.875	829.2917968656753	1000.4582031343247	0.09354633489200676	626.125	393.5211859627879	858.728814037212	0.37149740712671125	8459.0	8146.593336471979	8771.406663528021	0.03693186706797745
124	901.625	822.0203821534468	981.2296178465532	0.08829016259149111	597.25	373.2860960955604	821.2139039044396	0.3749918859848298	8501.125	8203.167787845372	8799.082212154628	0.03504915080705527
125	891.875	816.7720015011869	966.9779984988131	0.08420798710448564	567.375	353.7309617392009	781.0190382607991	0.37654820579123	8540.75	8257.404003551976	8824.095996448024	0.03317577454532966
126	882.875	811.3064783572169	954.4435216427831	0.08106302890305327	537.0	333.2876354796187	740.7123645203812	0.3793526341161663	8580.125	8310.262997340147	8849.987002659853	0.031451989645821306
127	874.625	805.5403588205932	943.7096411794068	0.07898772751682939	507.625	311.91398052729903	703.336019472701	0.3855425155827648	8617.75	8358.485772278887	8877.014227721113	0.030084909369744107
128	866.625	799.555578404309	933.694421595691	0.07739151489478258	485.25	296.8539725565885	673.6460274434115	0.3882452909704513	8648.125	8398.598137953113	8897.651862046887	0.02885329040073849
129	858.25	794.5025726417357	921.9974273582643	0.0742760586755192	457.0	280.57553109970786	633.4244689002921	0.3860491660837903	8684.75	8450.627568943079	8918.872431056921	0.026957878011102377
130	850.5	790.2965418501389	910.7034581498611	0.07078595902394016	433.125	266.5859167453711	599.6640832546288	0.38450581992410715	8716.375	8496.138762397197	8936.611237602803	0.025266953016913882
131	843.5	784.0542681075376	902.9457318924624	0.07047508226729392	408.125	252.67170835345843	563.5782916465416	0.3808962735596731	8748.375	8541.090486765343	8955.659513234657	0.02369405898062863
132	838.125	780.8810003132229	895.3689996867771	0.0683000741974969	387.25	238.0297166418777	536.4702833581223	0.3853332042817877	8774.625	8575.872470215667	8973.377529784333	0.022650828928225702
133	831.0	776.1329280651782	885.8670719348218	0.06602535732228847	370.75	226.58425816707106	514.9157418329289	0.38884893279279553	8798.25	8607.975526671049	8988.524473328951	0.021626399946461133
134	824.125	770.2302430278722	878.0197569721278	0.06539633790035218	351.25	215.4224183130019	487.0775816869981	0.3866977414576458	8824.625	8644.444723054621	9004.805276945379	0.020417896165035775
135	818.125	765.6457171704094	870.6042828295906	0.06414580025007255	334.0	205.47321722680218	462.52678277319785	0.38481072686586176	8847.875	8677.169063043046	9018.580936956954	0.019293439041233446
136	813.375	761.8141497697217	864.9358502302783	0.06339124048597311	315.5	194.61555411302942	436.3844458869706	0.3831519679460241	8871.125	8709.325597966728	9032.924402033272	0.018238881994478987
137	806.375	757.6496861019706	855.1003138980294	0.06042512962087045	297.875	184.85133407161447	410.8986659283855	0.3794332049631071	8895.75	8744.768926743369	9046.731073256631	0.016972270270256204
138	801.125	753.8844015532336	848.3655984467664	0.058967824555177226	286.5	176.96895215245183	396.03104784754817	0.3823073223300111	8912.375	8767.206288614274	9057.543711385726	0.016288442910641143
139	797.0	750.4888052867022	843.5111947132978	0.05835783527389935	271.0	166.14017836173656	375.85982163826344	0.38693661121130424	8932.0	8793.063053063634	9070.936946936366	0.015554964950332172
140	794.75	748.7183900307506	840.7816099692494	0.0579196099015406	250.25	152.95318261657528	347.5468173834247	0.38879847106263626	8955.0	8824.514147194888	9085.485852805112	0.014571284512016851
141	791.25	746.7222847842183	835.7777152157817	0.05627515351125638	236.0	141.68671857007968	330.3132814299203	0.39963254843186574	8972.75	8846.661010571075	9098.838989428925	0.014052435365849374
142	788.625	745.0121777982879	832.2378222017121	0.055302358157187655	222.5	132.78773721408658	312.2122627859134	0.40320118106028496	8988.875	8868.2382383808	9109.5117616192	0.013420674068690406
143	785.875	743.5200280026047	828.2299719973953	0.05389530395723914	210.25	125.86008718922591	294.6399128107741	0.4013788956517198	9003.875	8890.112559797712	9117.637440202288	0.012634831136848134
144	782.625	741.5931537683722	823.6568462316278	0.05242848903578056	200.125	118.84779772160462	281.4022022783954	0.4061321787802392	9017.25	8908.489447894219	9126.010552105781	0.01206138812895077
145	780.75	740.7736859104082	820.7263140895918	0.05120245160370384	186.125	110.82814886961634	261.42185113038363	0.4045499053344992	9033.125	8931.351500912448	9134.898499087552	0.011266698854222847
146	777.375	739.0612652058303	815.6887347941697	0.04928603929142269	177.25	105.33449651414831	249.16550348585167	0.4057292157170758	9045.375	8947.993877239538	9142.756122760462	0.010765846939508985
147	773.875	736.2728073276243	811.4771926723757	0.048589491419642375	166.75	99.59754087789234	233.90245912210764	0.40271339803362916	9059.375	8967.626907047672	9151.123092952328	0.010127419711881778
148	771.5	734.7096511505964	808.2903488494036	0.04768677751056845	155.625	91.1282944734204	220.1217055265796	0.4144366620181822	9072.875	8984.717184200104	9161.032815799896	0.009716635112893746
149	769.75	733.1371648458055	806.3628351541945	0.04756457960921669	147.0	87.20425429407204	206.79574570592797	0.40677378031243505	9083.25	9000.552419148258	9165.947580851742	0.009104404354360222
150	767.375	730.614686517601	804.135313482399	0.04790397586890252	141.0	84.78464171408864	197.21535828591135	0.39869048429724374	9091.625	9013.011165669313	9170.238834330687	0.008646840837659608
151	765.25	728.4223532011134	802.0776467988866	0.0481249876496394	132.5	79.88284060066769	185.1171593993323	0.39711063697609295	9102.25	9028.030564001552	9176.469435998448	0.008153965887384686
152	763.625	725.9472056258339	801.3027943741661	0.049340703059965435	126.125	76.8424201338135	175.4075798661865	0.39074394343854507	9110.25	9038.653145418211	9181.846854581789	0.00785893412165289
153	761.875	724.8049895450088	798.9450104549912	0.048656289358479	120.25	73.47603564335344	167.02396435664656	0.38897267656254936	9117.875	9049.199866712996	9186.550133287004	0.0075319230946907624
154	760.125	723.0711539413645	797.1788460586355	0.04874704299771154	113.625	69.17541557833982	158.07458442166018	0.3911954624568552	9126.25	9060.425059667421	9192.074940332579	0.0072127040495909385
155	758.375	721.4385573705949	795.3114426294051	0.048704720790380844	108.0	64.82421079163268	151.17578920836732	0.39977582600340106	9133.625	9069.564787303416	9197.685212696584	0.00701366792446422
156	756.75	719.3466551512956	794.1533448487044	0.04942628985623306	101.625	62.22432646130259	141.02567353869742	0.3877065046858294	9141.625	9081.662610285952	9201.587389714048	0.006559270339140726
157	755.375	718.1102239887402	792.6397760112598	0.04933281616582463	96.375	56.92620696323743	135.82379303676257	0.4093259977874196	9148.25	9089.381930768783	9207.118069231217	0.006434899486920093
158	753.875	716.3020276189881	791.4479723810119	0.0498397909215877	91.25	53.408755183479414	129.0912448165206	0.41469857333173243	9154.875	9097.77945322069	9211.97054677931	0.006236627674251097
159	752.0	714.4175617417427	789.5824382582573	0.049976646620022956	87.0	51.629299468426254	122.37070053157375	0.40655977622498557	9161.0	9106.025664514285	9215.974335485715	0.0060009098881906395
160	750.25	712.2218772031667	788.2781227968333	0.05068726797311994	82.375	49.980826704373435	114.76917329562656	0.39325248310320565	9167.375	9115.897486364136	9218.852513635864	0.005615294851128399
161	749.5	711.822039999327	787.177960000673	0.05027079386347305	76.875	45.32875792850174	108.42124207149826	0.4103576204422538	9173.625	9122.830892939981	9224.419107060019	0.0055369722503393
162	748.25	710.7453522962855	785.7546477037145	0.05012315095718601	71.75	42.21669776812632	101.28330223187368	0.4116139683884833	9180.0	9130.501993671884	9229.498006328116	0.005391939687158592
163	747.5	709.681849836207	785.318150163793	0.05059284302848569	67.875	39.80575652411895	95.94424347588105	0.4135431819650983	9184.625	9136.371231661728	9232.878768338272	0.005253754871676599
164	746.375	708.6813087997733	784.0686912002267	0.05050234962348234	64.875	37.04510791639365	92.70489208360635	0.42897714194383596	9188.75	9141.684493552271	9235.815506447729	0.005122079330456043
165	745.625	707.9816717791356	783.2683282208644	0.05048560364910565	61.875	34.92733204135935	88.82266795864065	0.4355178659982328	9192.5	9146.010277608937	9238.989722391063	0.005057353537238325
166	744.625	707.3227312339639	781.9272687660361	0.05009537521038932	59.0	33.473477148026845	84.52652285197316	0.4326529296944602	9196.375	9150.189235166239	9242.560764833761	0.005022170674179805
167	743.875	706.9209906262603	780.8290093737397	0.049677713827914215	54.375	29.47040522037512	79.27959477962489	0.4580155361770093	9201.75	9156.486147714879	9247.013852285121	0.0049190482555080345
168	743.375	706.5549792534467	780.1950207465533	0.04953088380232496	50.5	26.80735504269764	74.19264495730236	0.469161286283215	9206.125	9161.405555119016	9250.844444880984	0.004857575242676291
169	743.0	706.2911600363032	779.7088399636968	0.04940624490403351	46.75	24.840736820638927	68.65926317936108	0.4686473407349962	9210.25	9166.306894400379	9254.193105599621	0.004771108884082512
170	742.125	705.677014877152	778.572985122848	0.049112999997100136	44.5	23.4827599331212	65.5172400668788	0.472297529592782	9213.375	9169.82632823438	9256.92367176562	0.0047266796115017305
171	741.375	704.5061997758957	778.2438002241043	0.04973029873424967	42.875	22.521771845941714	63.228228154058286	0.4747108607360533	9215.75	9172.644222972514	9258.855777027486	0.004677403035833901
172	740.75	704.2245366639149	777.2754633360851	0.04930875914422547	40.5	20.95477795496201	60.04522204503799	0.4825980751861232	9218.75	9175.9674046081	9261.5325953919	0.004640823906918001
173	740.25	703.8422727216189	776.6577272783811	0.04918301557363202	39.0	20.119989397786117	57.880010602213886	0.4841028359542021	9220.75	9178.517051487977	9262.982948512023	0.004580207522384041
174	740.0	703.6657079890631	776.3342920109369	0.04910039460937414	36.75	18.621367066932734	54.878632933067266	0.49329613423312285	9223.25	9181.370799318962	9265.129200681038	0.004540612114063727
175	739.75	703.5678545251444	775.9321454748556	0.04891131527523563	34.25	17.329241032791625	51.17075896720837	0.49403675816666787	9226.0	9184.426493185274	9267.573506814726	0.0045061247360422465
176	739.625	703.6110620680308	775.6389379319692	0.0486921587723091	32.0	16.513451844068385	47.486548155931615	0.4839546298728629	9228.375	9187.030435614919	9269.719564385081	0.004480156515646667
177	739.25	703.1673359244774	775.3326640755226	0.048809826277338694	30.0	15.158736363895498	44.8412636361045	0.49470878787015005	9230.75	9190.205755725288	9271.294244274712	0.004392302280390202
178	738.375	702.2696867338577	774.4803132661423	0.04889834198901957	28.875	14.024068471809365	43.725931528190635	0.514317975002273	9232.75	9192.646507495525	9272.853492504475	0.004343612954371748
179	737.875	701.951280092783	773.798719907217	0.04868537341313508	27.875	13.57204219492782	42.17795780507218	0.5131105939039348	9234.25	9194.36870996719	9274.13129003281	0.004318844522598954
180	737.75	701.9367584002314	773.5632415997686	0.04854387204306149	26.375	12.623699221259633	40.126300778740365	0.5213763328432367	9235.875	9196.152536173217	9275.597463826783	0.004300887985901024
181	737.375	701.6729281557238	773.0770718442762	0.048417795347382546	25.25	12.033237097418336	38.466762902581664	0.5234361545576897	9237.375	9197.6613348268	9277.0886651732	0.004299237085557363
182	737.0	701.5785240527364	772.4214759472636	0.04806170413468597	24.125	11.689126067319824	36.560873932680174	0.5154766396965876	9238.875	9199.765563191295	9277.984436808705	0.00423313842959291
183	736.75	701.3292287684039	772.1707712315961	0.0480770563034898	22.625	10.626362527869095	34.62363747213091	0.5303265181052333	9240.625	9201.629338198893	9279.620661801107	0.00422002427336978
184	736.375	700.6533567576186	772.0966432423814	0.04851012492599755	21.25	9.955979279143719	32.54402072085628	0.5314833280402956	9242.375	9203.680073005853	9281.069926994147	0.004186686538270483
185	736.0	700.4856243337839	771.5143756662161	0.0482532278073588	20.25	9.480941581820362	31.01905841817964	0.5318053539841796	9243.75	9205.49413050662	9282.00586949338	0.00413856600334057
186	735.75	700.1857559126036	771.3142440873964	0.04833740276914235	18.5	7.636322514183499	29.363677485816503	0.5872258100441352	9245.75	9207.34045001449	9284.15954998551	0.004154292511209027
187	735.5	699.7614151897078	771.2385848102922	0.04859086989842589	17.625	7.733697940221456	27.516302059778546	0.5612086275051656	9246.875	9208.845072134369	9284.904927865631	0.004112732989862184
188	735.375	699.6757249456261	771.0742750543739	0.04854567404980303	16.5	7.115688431571563	25.884311568428437	0.5687461556623296	9248.125	9210.567975541875	9285.682024458125	0.0040610420445360345
189	735.125	699.4271234227464	770.8228765772536	0.0485602810096972	15.5	6.962522820172525	24.037477179827476	0.5508049793437081	9249.375	9211.981833908612	9286.768166091388	0.004042777602961112
190	735.0	699.4097958386922	770.5902041613078	0.04842204647796977	13.875	6.789048938723202	20.9609510612768	0.510699175587517	9251.125	9214.225068868978	9288.024931131022	0.003988696632141626
191	734.625	698.8140237210921	770.4359762789079	0.0487472877711866	13.625	6.461968340437036	20.788031659562964	0.5257270942798506	9251.75	9214.849223286956	9288.650776713044	0.003988518573572003
192	734.5	698.7697976419892	770.2302023580108	0.04864561246836055	13.125	6.109857121004121	20.140142878995878	0.5344870764949241	9252.375	9215.568540581216	9289.181459418784	0.003978055301345134
193	734.375	698.723303942371	770.026696057629	0.04854699037634588	12.5	5.448479104608409	19.55152089539159	0.5641216716313273	9253.125	9216.439457251408	9289.810542748592	0.003964665207547968
194	734.125	698.4663030495981	769.7836969504019	0.04857305901638262	11.875	5.210199925854704	18.539800074145298	0.5612463220332881	9254.0	9217.087725294537	9290.912274705463	0.003988791301649333
195	733.875	698.5087104952347	769.2412895047653	0.04819116267043472	11.375	4.962153542376636	17.787846457623363	0.5637667215493067	9254.75	9217.501806472768	9291.998193527232	0.004024764961477306
196	733.75	698.3348669985692	769.1651330014308	0.048265939354590545	10.375	4.447625985433919	16.30237401456608	0.5713131580304657	9255.875	9218.788832194075	9292.961167805925	0.004006770597693398
197	733.75	698.3348669985692	769.1651330014308	0.048265939354590545	9.625	4.044688952377265	15.205311047622736	0.579772576376388	9256.625	9219.497124915335	9293.752875084665	0.004010951624881136
198	733.75	698.3348669985692	769.1651330014308	0.048265939354590545	9.375	3.903098685820395	14.846901314179604	0.5836694735124912	9256.875	9219.753848726266	9293.996151273734	0.004010116942676054
199	733.625	698.2883668781009	768.9616331218991	0.04816716050011803	8.75	3.2089676480768548	14.291032351923146	0.633260840219788	9257.625	9220.424585196062	9294.825414803938	0.004018354038312941
200	733.375	698.1714206963424	768.5785793036576	0.04800215347354035	8.25	3.2388532573279276	13.261146742672071	0.6074117263844936	9258.375	9221.430448604518	9295.319551395482	0.003990392633208486
201	733.25	697.9931035141761	768.5068964858239	0.048083050099998505	7.5	3.578714294611836	11.421285705388165	0.5228380940517552	9259.25	9222.946636353248	9295.553363646752	0.0039207671946164535
202	733.125	697.812392668049	768.437607331951	0.048167239327469295	7.0	3.0030555068488285	10.996944493151172	0.5709920704501673	9259.875	9223.203068309282	9296.546931690718	0.003960305262297634
203	733.0	697.6292994684262	768.3707005315738	0.04825470741005968	6.75	2.7593056193404992	10.740694380659502	0.5912139823199261	9260.25	9223.883433113824	9296.616566886176	0.003927169016622248
204	733.0	697.6292994684262	768.3707005315738	0.04825470741005968	6.5	2.6558618800527447	10.344138119947255	0.5914058646072701	9260.5	9224.198699181106	9296.801300818894	0.0039200152064028885
205	732.75	697.2138421906961	768.2861578093039	0.048496974151216496	6.25	2.824791137247569	9.67520886275243	0.548033418040389	9261.0	9224.572395203904	9297.427604796096	0.003933441830914215
206	732.75	697.2138421906961	768.2861578093039	0.048496974151216496	6.0	2.6261905413985396	9.37380945860146	0.5623015764335767	9261.25	9224.642619475082	9297.857380524918	0.003952747256031164
207	732.375	696.897368051228	767.852631948772	0.048441893768591225	6.25	2.6264771677834964	9.873522832216503	0.5797636531546406	9261.375	9224.712599056422	9298.037400943578	0.0039586347538651395
208	732.25	696.7110325640465	767.7889674359535	0.04853392616722914	5.625	2.404497473609216	8.845502526390785	0.5725337824694727	9262.125	9225.753800244329	9298.496199755671	0.003926874206045632
209	732.25	696.7110325640465	767.7889674359535	0.04853392616722914	5.125	2.1127546840635243	8.137245315936475	0.5877551835973611	9262.625	9226.395455405609	9298.854544594391	0.003911369033550615
210	732.125	696.693835633679	767.556164366321	0.04839496584097112	5.125	2.0797879532948973	8.170212046705103	0.5941877164302639	9262.75	9226.463142259598	9299.036857740402	0.003917503737054652
211	732.125	696.693835633679	767.556164366321	0.04839496584097112	4.75	2.2320042750178404	7.26799572498216	0.5301043631541389	9263.125	9227.137410097499	9299.112589902501	0.003885037706227718
212	732.125	696.693835633679	767.556164366321	0.04839496584097112	4.375	1.9299322974356588	6.820067702564341	0.5588726177289923	9263.5	9227.521948678119	9299.478051321881	0.0038838507391245987
213	732.0	696.674494440447	767.325505559553	0.048258887376438436	4.375	1.771707021061625	6.978292978938375	0.5950383951859143	9263.625	9227.688774857126	9299.561225142874	0.0038792832333857425
214	732.0	696.674494440447	767.325505559553	0.048258887376438436	4.375	1.771707021061625	6.978292978938375	0.5950383951859143	9263.625	9227.688774857126	9299.561225142874	0.0038792832333857425
215	731.75	696.241950684562	767.258049315438	0.04852483678228642	4.375	1.8894315265638109	6.860568473436189	0.5681299367854147	9263.875	9227.754479984926	9299.995520015074	0.003899072473999708
216	731.75	696.241950684562	767.258049315438	0.04852483678228642	4.25	1.8959557763368466	6.604044223663154	0.5538927585089772	9264.0	9227.991434114283	9300.008565885717	0.003886935004934976
217	731.75	696.241950684562	767.258049315438	0.04852483678228642	3.75	1.8672948858635823	5.632705114136417	0.5020546971030447	9264.5	9228.741863776133	9300.258136223867	0.0038596941253026223
218	731.75	696.241950684562	767.258049315438	0.04852483678228642	3.5	1.6040827580562533	5.395917241943747	0.5416906405553562	9264.75	9228.973020746223	9300.526979253777	0.003861623816484727
219	731.75	696.241950684562	767.258049315438	0.04852483678228642	3.25	1.3672948858635823	5.132705114136417	0.579293881272744	9265.0	9229.033051301843	9300.966948698157	0.0038820236047659397
220	731.625	695.9873098538152	767.2626901461848	0.04871032311113588	2.75	0.4823723685471264	5.017627631452873	0.8245918659828632	9265.625	9229.445096747935	9301.804903252065	0.00390474503900861
221	731.625	695.9873098538152	767.2626901461848	0.04871032311113588	2.375	0.05567415569236278	4.694325844307637	0.9765582502347946	9266.0	9229.742734133866	9302.257265866134	0.003912936096064594
222	731.625	695.9873098538152	767.2626901461848	0.04871032311113588	2.25	-0.10404422366315336	4.604044223663154	1.0462418771836237	9266.125	9229.803247984457	9302.446752015543	0.0039198426543504096
223	731.5	695.9406694098808	767.0593305901192	0.048611525071933274	2.375	-0.22829297893837497	4.978292978938375	1.096123359553	9266.125	9229.803247984457	9302.446752015543	0.0039198426543504096
224	731.5	695.9406694098808	767.0593305901192	0.048611525071933274	2.25	-0.10404422366315336	4.604044223663154	1.0462418771836237	9266.25	9230.020972152348	9302.479027847652	0.003909783121289767
225	731.5	695.9406694098808	767.0593305901192	0.048611525071933274	2.125	-0.1288257525923271	4.378825752592327	1.0606238835728599	9266.375	9230.25586215209	9302.49413784791	0.0038978713734238502
226	731.375	695.7513212718648	766.9986787281352	0.04870781572809464	2.0	0.0015277534244142466	3.9984722465755858	0.9992361232877929	9266.625	9230.467181443004	9302.782818556996	0.0039019404105588855
227	731.375	695.7513212718648	766.9986787281352	0.04870781572809464	2.0	0.0015277534244142466	3.9984722465755858	0.9992361232877929	9266.625	9230.467181443004	9302.782818556996	0.0039019404105588855
228	731.375	695.7513212718648	766.9986787281352	0.04870781572809464	1.625	-0.04330543182505053	3.2933054318250505	1.0266494965077233	9267.0	9230.974800700867	9303.025199299133	0.0038874715980502634
229	731.375	695.7513212718648	766.9986787281352	0.04870781572809464	1.375	-0.29330543182505053	3.0433054318250505	1.2133130413273094	9267.25	9231.228265361942	9303.271734638058	0.003886992866066815
230	731.375	695.7513212718648	766.9986787281352	0.04870781572809464	1.25	-0.14535730859958385	2.645357308599584	1.116285846879667	9267.375	9231.441553422288	9303.308446577712	0.003877413677304676
231	731.375	695.7513212718648	766.9986787281352	0.04870781572809464	1.25	-0.14535730859958385	2.645357308599584	1.116285846879667	9267.375	9231.441553422288	9303.308446577712	0.003877413677304676
232	731.375	695.7513212718648	766.9986787281352	0.04870781572809464	1.25	-0.14535730859958385	2.645357308599584	1.116285846879667	9267.375	9231.441553422288	9303.308446577712	0.003877413677304676
233	731.375	695.7513212718648	766.9986787281352	0.04870781572809464	1.25	-0.14535730859958385	2.645357308599584	1.116285846879667	9267.375	9231.441553422288	9303.308446577712	0.003877413677304676
234	731.375	695.7513212718648	766.9986787281352	0.04870781572809464	1.25	-0.14535730859958385	2.645357308599584	1.116285846879667	9267.375	9231.441553422288	9303.308446577712	0.003877413677304676
235	731.375	695.7513212718648	766.9986787281352	0.04870781572809464	1.0	-0.0946083299974747	2.0946083299974747	1.0946083299974747	9267.625	9231.883796076543	9303.366203923457	0.0038565656166986
236	731.375	695.7513212718648	766.9986787281352	0.04870781572809464	0.875	0.046477175521270286	1.7035228244787297	0.9468832279756911	9267.75	9232.093228158084	9303.406771841916	0.0038474032901099136
237	731.375	695.7513212718648	766.9986787281352	0.04870781572809464	0.875	0.046477175521270286	1.7035228244787297	0.9468832279756911	9267.75	9232.093228158084	9303.406771841916	0.0038474032901099136
238	731.375	695.7513212718648	766.9986787281352	0.04870781572809464	0.75	-0.11536386714630809	1.615363867146308	1.1538184895284107	9267.875	9232.15195921091	9303.59804078909	0.0038545017913049055
239	731.375	695.7513212718648	766.9986787281352	0.04870781572809464	0.625	-0.26173409412886206	1.5117340941288622	1.4187745506061793	9268.0	9232.38175217808	9303.61824782192	0.003843142837928398
240	731.375	695.7513212718648	766.9986787281352	0.04870781572809464	0.5	-0.39374395889794633	1.3937439588979463	1.7874879177958927	9268.125	9232.376812712906	9303.873187287094	0.0038571110431822827
241	731.375	695.7513212718648	766.9986787281352	0.04870781572809464	0.5	-0.39374395889794633	1.3937439588979463	1.7874879177958927	9268.125	9232.376812712906	9303.873187287094	0.0038571110431822827
242	731.375	695.7513212718648	766.9986787281352	0.04870781572809464	0.375	-0.24701947048082573	0.9970194704808257	1.6587185879488686	9268.25	9232.584828447287	9303.915171552713	0.0038481020206310715
243	731.375	695.7513212718648	766.9986787281352	0.04870781572809464	0.375	-0.24701947048082573	0.9970194704808257	1.6587185879488686	9268.25	9232.584828447287	9303.915171552713	0.0038481020206310715
244	731.375	695.7513212718648	766.9986787281352	0.04870781572809464	0.375	-0.24701947048082573	0.9970194704808257	1.6587185879488686	9268.25	9232.584828447287	9303.915171552713	0.0038481020206310715
245	731.375	695.7513212718648	766.9986787281352	0.04870781572809464	0.375	-0.24701947048082573	0.9970194704808257	1.6587185879488686	9268.25	9232.584828447287	9303.915171552713	0.0038481020206310715
246	731.375	695.7513212718648	766.9986787281352	0.04870781572809464	0.375	-0.24701947048082573	0.9970194704808257	1.6587185879488686	9268.25	9232.584828447287	9303.915171552713	0.0038481020206310715
247	731.375	695.7513212718648	766.9986787281352	0.04870781572809464	0.375	-0.24701947048082573	0.9970194704808257	1.6587185879488686	9268.25	9232.584828447287	9303.915171552713	0.0038481020206310715
248	731.375	695.7513212718648	766.9986787281352	0.04870781572809464	0.25	-0.3411560627525748	0.8411560627525748	2.3646242510102993	9268.375	9232.591916337627	9304.158083662373	0.0038607721053984536
249	731.375	695.7513212718648	766.9986787281352	0.04870781572809464	0.25	-0.3411560627525748	0.8411560627525748	2.3646242510102993	9268.375	9232.591916337627	9304.158083662373	0.0038607721053984536
250	731.375	695.7513212718648	766.9986787281352	0.04870781572809464	0.25	-0.3411560627525748	0.8411560627525748	2.3646242510102993	9268.375	9232.591916337627	9304.158083662373	0.0038607721053984536
251	731.375	695.7513212718648	766.9986787281352	0.04870781572809464	0.25	-0.3411560627525748	0.8411560627525748	2.3646242510102993	9268.375	9232.591916337627	9304.158083662373	0.0038607721053984536
252	731.375	695.7513212718648	766.9986787281352	0.04870781572809464	0.25	-0.3411560627525748	0.8411560627525748	2.3646242510102993	9268.375	9232.591916337627	9304.158083662373	0.0038607721053984536
253	731.375	695.7513212718648	766.9986787281352	0.04870781572809464	0.25	-0.3411560627525748	0.8411560627525748	2.3646242510102993	9268.375	9232.591916337627	9304.158083662373	0.0038607721053984536
254	731.375	695.7513212718648	766.9986787281352	0.04870781572809464	0.25	-0.3411560627525748	0.8411560627525748	2.3646242510102993	9268.375	9232.591916337627	9304.158083662373	0.0038607721053984536
255	731.375	695.7513212718648	766.9986787281352	0.04870781572809464	0.25	-0.3411560627525748	0.8411560627525748	2.3646242510102993	9268.375	9232.591916337627	9304.158083662373	0.0038607721053984536
256	731.375	695.7513212718648	766.9986787281352	0.04870781572809464	0.25	-0.3411560627525748	0.8411560627525748	2.3646242510102993	9268.375	9232.591916337627	9304.158083662373	0.0038607721053984536
257	731.375	695.7513212718648	766.9986787281352	0.04870781572809464	0.25	-0.3411560627525748	0.8411560627525748	2.3646242510102993	9268.375	9232.591916337627	9304.158083662373	0.0038607721053984536
258	731.375	695.7513212718648	766.9986787281352	0.04870781572809464	0.25	-0.3411560627525748	0.8411560627525748	2.3646242510102993	9268.375	9232.591916337627	9304.158083662373	0.0038607721053984536
259	731.375	695.7513212718648	766.9986787281352	0.04870781572809464	0.25	-0.3411560627525748	0.8411560627525748	2.3646242510102993	9268.375	9232.591916337627	9304.158083662373	0.0038607721053984536
260	731.375	695.7513212718648	766.9986787281352	0.04870781572809464	0.25	-0.3411560627525748	0.8411560627525748	2.3646242510102993	9268.375	9232.591916337627	9304.158083662373	0.0038607721053984536
261	731.375	695.7513212718648	766.9986787281352	0.04870781572809464	0.25	-0.3411560627525748	0.8411560627525748	2.3646242510102993	9268.375	9232.591916337627	9304.158083662373	0.0038607721053984536
262	731.375	695.7513212718648	766.9986787281352	0.04870781572809464	0.25	-0.3411560627525748	0.8411560627525748	2.3646242510102993	9268.375	9232.591916337627	9304.158083662373	0.0038607721053984536
263	731.375	695.7513212718648	766.9986787281352	0.04870781572809464	0.25	-0.3411560627525748	0.8411560627525748	2.3646242510102993	9268.375	9232.591916337627	9304.158083662373	0.0038607721053984536
264	731.375	695.7513212718648	766.9986787281352	0.04870781572809464	0.25	-0.3411560627525748	0.8411560627525748	2.3646242510102993	9268.375	9232.591916337627	9304.158083662373	0.0038607721053984536
265	731.25	695.7026050165161	766.7973949834839	0.04861182219963609	0.375	-0.5117340941288621	1.2617340941288622	2.364624251010299	9268.375	9232.591916337627	9304.158083662373	0.0038607721053984536
266	731.25	695.7026050165161	766.7973949834839	0.04861182219963609	0.375	-0.5117340941288621	1.2617340941288622	2.364624251010299	9268.375	9232.591916337627	9304.158083662373	0.0038607721053984536
267	731.25	695.7026050165161	766.7973949834839	0.04861182219963609	0.375	-0.5117340941288621	1.2617340941288622	2.364624251010299	9268.375	9232.591916337627	9304.158083662373	0.0038607721053984536
268	731.25	695.7026050165161	766.7973949834839	0.04861182219963609	0.25	-0.3411560627525748	0.8411560627525748	2.3646242510102993	9268.5	9232.79775336363	9304.20224663637	0.0038519983423823266
269	731.25	695.7026050165161	766.7973949834839	0.04861182219963609	0.25	-0.3411560627525748	0.8411560627525748	2.3646242510102993	9268.5	9232.79775336363	9304.20224663637	0.0038519983423823266
270	731.25	695.7026050165161	766.7973949834839	0.04861182219963609	0.25	-0.3411560627525748	0.8411560627525748	2.3646242510102993	9268.5	9232.79775336363	9304.20224663637	0.0038519983423823266
271	731.25	695.7026050165161	766.7973949834839	0.04861182219963609	0.25	-0.3411560627525748	0.8411560627525748	2.3646242510102993	9268.5	9232.79775336363	9304.20224663637	0.0038519983423823266
272	731.25	695.7026050165161	766.7973949834839	0.04861182219963609	0.25	-0.3411560627525748	0.8411560627525748	2.3646242510102993	9268.5	9232.79775336363	9304.20224663637	0.0038519983423823266
273	731.25	695.7026050165161	766.7973949834839	0.04861182219963609	0.25	-0.3411560627525748	0.8411560627525748	2.3646242510102993	9268.5	9232.79775336363	9304.20224663637	0.0038519983423823266
274	731.25	695.7026050165161	766.7973949834839	0.04861182219963609	0.25	-0.3411560627525748	0.8411560627525748	2.3646242510102993	9268.5	9232.79775336363	9304.20224663637	0.0038519983423823266
275	731.25	695.7026050165161	766.7973949834839	0.04861182219963609	0.25	-0.3411560627525748	0.8411560627525748	2.3646242510102993	9268.5	9232.79775336363	9304.20224663637	0.0038519983423823266
276	731.25	695.7026050165161	766.7973949834839	0.04861182219963609	0.25	-0.3411560627525748	0.8411560627525748	2.3646242510102993	9268.5	9232.79775336363	9304.20224663637	0.0038519983423823266
277	731.125	695.6515898616512	766.5984101383488	0.04851894017896903	0.375	-0.5117340941288621	1.2617340941288622	2.364624251010299	9268.5	9232.79775336363	9304.20224663637	0.0038519983423823266
278	731.125	695.6515898616512	766.5984101383488	0.04851894017896903	0.375	-0.5117340941288621	1.2617340941288622	2.364624251010299	9268.5	9232.79775336363	9304.20224663637	0.0038519983423823266
279	731.125	695.6515898616512	766.5984101383488	0.04851894017896903	0.25	-0.3411560627525748	0.8411560627525748	2.3646242510102993	9268.625	9233.001321271864	9304.248678728136	0.003843469633104718
280	731.125	695.6515898616512	766.5984101383488	0.04851894017896903	0.25	-0.3411560627525748	0.8411560627525748	2.3646242510102993	9268.625	9233.001321271864	9304.248678728136	0.003843469633104718
281	731.125	695.6515898616512	766.5984101383488	0.04851894017896903	0.125	-0.1705780313762874	0.4205780313762874	2.3646242510102993	9268.75	9233.202605016517	9304.297394983483	0.0038351875909355512
282	731.125	695.6515898616512	766.5984101383488	0.04851894017896903	0.125	-0.1705780313762874	0.4205780313762874	2.3646242510102993	9268.75	9233.202605016517	9304.297394983483	0.0038351875909355512
283	731.125	695.6515898616512	766.5984101383488	0.04851894017896903	0.125	-0.1705780313762874	0.4205780313762874	2.3646242510102993	9268.75	9233.202605016517	9304.297394983483	0.0038351875909355512
284	731.125	695.6515898616512	766.5984101383488	0.04851894017896903	0.125	-0.1705780313762874	0.4205780313762874	2.3646242510102993	9268.75	9233.202605016517	9304.297394983483	0.0038351875909355512
285	731.125	695.6515898616512	766.5984101383488	0.04851894017896903	0.0	0.0	0.0	0	9268.875	9233.40158986165	9304.34841013835	0.003827153795724803
286	731.125	695.6515898616512	766.5984101383488	0.04851894017896903	0.0	0.0	0.0	0	9268.875	9233.40158986165	9304.34841013835	0.003827153795724803
287	731.125	695.6515898616512	766.5984101383488	0.04851894017896903	0.0	0.0	0.0	0	9268.875	9233.40158986165	9304.34841013835	0.003827153795724803
288	731.125	695.6515898616512	766.5984101383488	0.04851894017896903	0.0	0.0	0.0	0	9268.875	9233.40158986165	9304.34841013835	0.003827153795724803
289	731.125	695.6515898616512	766.5984101383488	0.04851894017896903	0.0	0.0	0.0	0	9268.875	9233.40158986165	9304.34841013835	0.003827153795724803
290	731.125	695.6515898616512	766.5984101383488	0.04851894017896903	0.0	0.0	0.0	0	9268.875	9233.40158986165	9304.34841013835	0.003827153795724803
291	731.125	695.6515898616512	766.5984101383488	0.04851894017896903	0.0	0.0	0.0	0	9268.875	9233.40158986165	9304.34841013835	0.003827153795724803
292	731.125	695.6515898616512	766.5984101383488	0.04851894017896903	0.0	0.0	0.0	0	9268.875	9233.40158986165	9304.34841013835	0.003827153795724803
293	731.125	695.6515898616512	766.5984101383488	0.04851894017896903	0.0	0.0	0.0	0	9268.875	9233.40158986165	9304.34841013835	0.003827153795724803
294	731.125	695.6515898616512	766.5984101383488	0.04851894017896903	0.0	0.0	0.0	0	9268.875	9233.40158986165	9304.34841013835	0.003827153795724803
295	731.125	695.6515898616512	766.5984101383488	0.04851894017896903	0.0	0.0	0.0	0	9268.875	9233.40158986165	9304.34841013835	0.003827153795724803
296	731.125	695.6515898616512	766.5984101383488	0.04851894017896903	0.0	0.0	0.0	0	9268.875	9233.40158986165	9304.34841013835	0.003827153795724803
297	731.125	695.6515898616512	766.5984101383488	0.04851894017896903	0.0	0.0	0.0	0	9268.875	9233.40158986165	9304.34841013835	0.003827153795724803
298	731.125	695.6515898616512	766.5984101383488	0.04851894017896903	0.0	0.0	0.0	0	9268.875	9233.40158986165	9304.34841013835	0.003827153795724803
299	731.125	695.6515898616512	766.5984101383488	0.04851894017896903	0.0	0.0	0.0	0	9268.875	9233.40158986165	9304.34841013835	0.003827153795724803
300	731.125	695.6515898616512	766.5984101383488	0.04851894017896903	0.0	0.0	0.0	0	9268.875	9233.40158986165	9304.34841013835	0.003827153795724803
301	731.125	695.6515898616512	766.5984101383488	0.04851894017896903	0.0	0.0	0.0	0	9268.875	9233.40158986165	9304.34841013835	0.003827153795724803
302	731.125	695.6515898616512	766.5984101383488	0.04851894017896903	0.0	0.0	0.0	0	9268.875	9233.40158986165	9304.34841013835	0.003827153795724803
303	731.125	695.6515898616512	766.5984101383488	0.04851894017896903	0.0	0.0	0.0	0	9268.875	9233.40158986165	9304.34841013835	0.003827153795724803
304	731.125	695.6515898616512	766.5984101383488	0.04851894017896903	0.0	0.0	0.0	0	9268.875	9233.40158986165	9304.34841013835	0.003827153795724803
305	731.125	695.6515898616512	766.5984101383488	0.04851894017896903	0.0	0.0	0.0	0	9268.875	9233.40158986165	9304.34841013835	0.003827153795724803
306	731.125	695.6515898616512	766.5984101383488	0.04851894017896903	0.0	0.0	0.0	0	9268.875	9233.40158986165	9304.34841013835	0.003827153795724803
307	731.125	695.6515898616512	766.5984101383488	0.04851894017896903	0.0	0.0	0.0	0	9268.875	9233.40158986165	9304.34841013835	0.003827153795724803
308	731.125	695.6515898616512	766.5984101383488	0.04851894017896903	0.0	0.0	0.0	0	9268.875	9233.40158986165	9304.34841013835	0.003827153795724803
309	731.125	695.6515898616512	766.5984101383488	0.04851894017896903	0.0	0.0	0.0	0	9268.875	9233.40158986165	9304.34841013835	0.003827153795724803
310	731.125	695.6515898616512	766.5984101383488	0.04851894017896903	0.0	0.0	0.0	0	9268.875	9233.40158986165	9304.34841013835	0.003827153795724803
311	731.125	695.6515898616512	766.5984101383488	0.04851894017896903	0.0	0.0	0.0	0	9268.875	9233.40158986165	9304.34841013835	0.003827153795724803
312	731.125	695.6515898616512	766.5984101383488	0.04851894017896903	0.0	0.0	0.0	0	9268.875	9233.40158986165	9304.34841013835	0.003827153795724803
313	731.125	695.6515898616512	766.5984101383488	0.04851894017896903	0.0	0.0	0.0	0	9268.875	9233.40158986165	9304.34841013835	0.003827153795724803
314	731.125	695.6515898616512	766.5984101383488	0.04851894017896903	0.0	0.0	0.0	0	9268.875	9233.40158986165	9304.34841013835	0.003827153795724803
315	731.125	695.6515898616512	766.5984101383488	0.04851894017896903	0.0	0.0	0.0	0	9268.875	9233.40158986165	9304.34841013835	0.003827153795724803
316	731.125	695.6515898616512	766.5984101383488	0.04851894017896903	0.0	0.0	0.0	0	9268.875	9233.40158986165	9304.34841013835	0.003827153795724803
317	731.125	695.6515898616512	766.5984101383488	0.04851894017896903	0.0	0.0	0.0	0	9268.875	9233.40158986165	9304.34841013835	0.003827153795724803
318	731.125	695.6515898616512	766.5984101383488	0.04851894017896903	0.0	0.0	0.0	0	9268.875	9233.40158986165	9304.34841013835	0.003827153795724803
319	731.125	695.6515898616512	766.5984101383488	0.04851894017896903	0.0	0.0	0.0	0	9268.875	9233.40158986165	9304.34841013835	0.003827153795724803
320	731.125	695.6515898616512	766.5984101383488	0.04851894017896903	0.0	0.0	0.0	0	9268.875	9233.40158986165	9304.34841013835	0.003827153795724803
321	731.125	695.6515898616512	766.5984101383488	0.04851894017896903	0.0	0.0	0.0	0	9268.875	9233.40158986165	9304.34841013835	0.003827153795724803
322	731.125	695.6515898616512	766.5984101383488	0.04851894017896903	0.0	0.0	0.0	0	9268.875	9233.40158986165	9304.34841013835	0.003827153795724803
323	731.125	695.6515898616512	766.5984101383488	0.04851894017896903	0.0	0.0	0.0	0	9268.875	9233.40158986165	9304.34841013835	0.003827153795724803
324	731.125	695.6515898616512	766.5984101383488	0.04851894017896903	0.0	0.0	0.0	0	9268.875	9233.40158986165	9304.34841013835	0.003827153795724803
325	731.125	695.6515898616512	766.5984101383488	0.04851894017896903	0.0	0.0	0.0	0	9268.875	9233.40158986165	9304.34841013835	0.003827153795724803
326	731.125	695.6515898616512	766.5984101383488	0.04851894017896903	0.0	0.0	0.0	0	9268.875	9233.40158986165	9304.34841013835	0.003827153795724803
327	731.125	695.6515898616512	766.5984101383488	0.04851894017896903	0.0	0.0	0.0	0	9268.875	9233.40158986165	9304.34841013835	0.003827153795724803
328	731.125	695.6515898616512	766.5984101383488	0.04851894017896903	0.0	0.0	0.0	0	9268.875	9233.40158986165	9304.34841013835	0.003827153795724803
329	731.125	695.6515898616512	766.5984101383488	0.04851894017896903	0.0	0.0	0.0	0	9268.875	9233.40158986165	9304.34841013835	0.003827153795724803
330	731.125	695.6515898616512	766.5984101383488	0.04851894017896903	0.0	0.0	0.0	0	9268.875	9233.40158986165	9304.34841013835	0.003827153795724803
331	731.125	695.6515898616512	766.5984101383488	0.04851894017896903	0.0	0.0	0.0	0	9268.875	9233.40158986165	9304.34841013835	0.003827153795724803
332	731.125	695.6515898616512	766.5984101383488	0.04851894017896903	0.0	0.0	0.0	0	9268.875	9233.40158986165	9304.34841013835	0.003827153795724803
333	731.125	695.6515898616512	766.5984101383488	0.04851894017896903	0.0	0.0	0.0	0	9268.875	9233.40158986165	9304.34841013835	0.003827153795724803
334	731.125	695.6515898616512	766.5984101383488	0.04851894017896903	0.0	0.0	0.0	0	9268.875	9233.40158986165	9304.34841013835	0.003827153795724803
335	731.125	695.6515898616512	766.5984101383488	0.04851894017896903	0.0	0.0	0.0	0	9268.875	9233.40158986165	9304.34841013835	0.003827153795724803
336	731.125	695.6515898616512	766.5984101383488	0.04851894017896903	0.0	0.0	0.0	0	9268.875	9233.40158986165	9304.34841013835	0.003827153795724803
337	731.125	695.6515898616512	766.5984101383488	0.04851894017896903	0.0	0.0	0.0	0	9268.875	9233.40158986165	9304.34841013835	0.003827153795724803
338	731.125	695.6515898616512	766.5984101383488	0.04851894017896903	0.0	0.0	0.0	0	9268.875	9233.40158986165	9304.34841013835	0.003827153795724803
339	731.125	695.6515898616512	766.5984101383488	0.04851894017896903	0.0	0.0	0.0	0	9268.875	9233.40158986165	9304.34841013835	0.003827153795724803
340	731.125	695.6515898616512	766.5984101383488	0.04851894017896903	0.0	0.0	0.0	0	9268.875	9233.40158986165	9304.34841013835	0.003827153795724803
341	731.125	695.6515898616512	766.5984101383488	0.04851894017896903	0.0	0.0	0.0	0	9268.875	9233.40158986165	9304.34841013835	0.003827153795724803
342	731.125	695.6515898616512	766.5984101383488	0.04851894017896903	0.0	0.0	0.0	0	9268.875	9233.40158986165	9304.34841013835	0.003827153795724803
343	731.125	695.6515898616512	766.5984101383488	0.04851894017896903	0.0	0.0	0.0	0	9268.875	9233.40158986165	9304.34841013835	0.003827153795724803
344	731.125	695.6515898616512	766.5984101383488	0.04851894017896903	0.0	0.0	0.0	0	9268.875	9233.40158986165	9304.34841013835	0.003827153795724803
345	731.125	695.6515898616512	766.5984101383488	0.04851894017896903	0.0	0.0	0.0	0	9268.875	9233.40158986165	9304.34841013835	0.003827153795724803
346	731.125	695.6515898616512	766.5984101383488	0.04851894017896903	0.0	0.0	0.0	0	9268.875	9233.40158986165	9304.34841013835	0.003827153795724803
347	731.125	695.6515898616512	766.5984101383488	0.04851894017896903	0.0	0.0	0.0	0	9268.875	9233.40158986165	9304.34841013835	0.003827153795724803
348	731.125	695.6515898616512	766.5984101383488	0.04851894017896903	0.0	0.0	0.0	0	9268.875	9233.40158986165	9304.34841013835	0.003827153795724803
349	731.125	695.6515898616512	766.5984101383488	0.04851894017896903	0.0	0.0	0.0	0	9268.875	9233.40158986165	9304.34841013835	0.003827153795724803
350	731.125	695.6515898616512	766.5984101383488	0.04851894017896903	0.0	0.0	0.0	0	9268.875	9233.40158986165	9304.34841013835	0.003827153795724803
351	731.125	695.6515898616512	766.5984101383488	0.04851894017896903	0.0	0.0	0.0	0	9268.875	9233.40158986165	9304.34841013835	0.003827153795724803
352	731.125	695.6515898616512	766.5984101383488	0.04851894017896903	0.0	0.0	0.0	0	9268.875	9233.40158986165	9304.34841013835	0.003827153795724803
353	731.125	695.6515898616512	766.5984101383488	0.04851894017896903	0.0	0.0	0.0	0	9268.875	9233.40158986165	9304.34841013835	0.003827153795724803
354	731.125	695.6515898616512	766.5984101383488	0.04851894017896903	0.0	0.0	0.0	0	9268.875	9233.40158986165	9304.34841013835	0.003827153795724803
355	731.125	695.6515898616512	766.5984101383488	0.04851894017896903	0.0	0.0	0.0	0	9268.875	9233.40158986165	9304.34841013835	0.003827153795724803
356	731.125	695.6515898616512	766.5984101383488	0.04851894017896903	0.0	0.0	0.0	0	9268.875	9233.40158986165	9304.34841013835	0.003827153795724803
357	731.125	695.6515898616512	766.5984101383488	0.04851894017896903	0.0	0.0	0.0	0	9268.875	9233.40158986165	9304.34841013835	0.003827153795724803
358	731.125	695.6515898616512	766.5984101383488	0.04851894017896903	0.0	0.0	0.0	0	9268.875	9233.40158986165	9304.34841013835	0.003827153795724803
359	731.125	695.6515898616512	766.5984101383488	0.04851894017896903	0.0	0.0	0.0	0	9268.875	9233.40158986165	9304.34841013835	0.003827153795724803
360	731.125	695.6515898616512	766.5984101383488	0.04851894017896903	0.0	0.0	0.0	0	9268.875	9233.40158986165	9304.34841013835	0.003827153795724803
361	731.125	695.6515898616512	766.5984101383488	0.04851894017896903	0.0	0.0	0.0	0	9268.875	9233.40158986165	9304.34841013835	0.003827153795724803
362	731.125	695.6515898616512	766.5984101383488	0.04851894017896903	0.0	0.0	0.0	0	9268.875	9233.40158986165	9304.34841013835	0.003827153795724803
363	731.125	695.6515898616512	766.5984101383488	0.04851894017896903	0.0	0.0	0.0	0	9268.875	9233.40158986165	9304.34841013835	0.003827153795724803
364	731.125	695.6515898616512	766.5984101383488	0.04851894017896903	0.0	0.0	0.0	0	9268.875	9233.40158986165	9304.34841013835	0.003827153795724803
365	731.125	695.6515898616512	766.5984101383488	0.04851894017896903	0.0	0.0	0.0	0	9268.875	9233.40158986165	9304.34841013835	0.003827153795724803
