day	mean(S_t)	ciLow(S_t)	ciHigh(S_t)	relerr(S_t)	mean(I_t)	ciLow(I_t)	ciHigh(I_t)	relerr(I_t)	mean(R_t)	ciLow(R_t)	ciHigh(R_t)	relerr(R_t)	mean(RT)	ciLow(RT)	ciHigh(RT)	relerr(RT)
0	9999.0	9999.0	9999.0	0.0	1.0	1.0	1.0	0.0	0.0	0.0	0.0	0	2.625	1.5361076794632902	3.7138923205367096	0.4148161221092228
1	9999.0	9999.0	9999.0	0.0	1.0	1.0	1.0	0.0	0.0	0.0	0.0	0	2.625	1.5361076794632902	3.7138923205367096	0.4148161221092228
2	9999.0	9999.0	9999.0	0.0	1.0	1.0	1.0	0.0	0.0	0.0	0.0	0	2.6875	1.6651124785613978	3.7098875214386022	0.3804232637911078
3	9998.75	9998.362997513557	9999.137002486443	3.870508678007234e-05	1.25	0.8629975135577517	1.6370024864422483	0.30960198915379866	0.0	0.0	0.0	0	2.4375	1.216101014454451	3.658898985545549	0.501086763300738
4	9998.375	9997.609100014575	9999.140899985425	7.660244644003835e-05	1.625	0.8591000145750816	2.3908999854249187	0.47132306795379597	0.0	0.0	0.0	0	2.0625	0.8686613900728395	3.2563386099271607	0.578830841176805
5	9998.125	9997.4273213457	9998.8226786543	6.978094935798381e-05	1.875	1.177321345700208	2.572678654299792	0.37209528229322236	0.0	0.0	0.0	0	1.7916666666666665	0.8270313952169978	2.7563019381163354	0.5384010817393501
6	9997.75	9997.008946657423	9998.491053342577	7.41220117104175e-05	1.875	1.177321345700208	2.572678654299792	0.37209528229322236	0.375	-0.24701947048082573	0.9970194704808257	1.6587185879488686	1.7083333333333333	1.1622975458565368	2.2543691208101295	0.31963070486446626
7	9997.375	9996.382028741751	9998.367971258249	9.93231981643464e-05	2.25	1.2760651004409707	3.2239348995590293	0.43285995535956867	0.375	-0.24701947048082573	0.9970194704808257	1.6587185879488686	1.5520833333333333	1.0567337284345286	2.047432938232138	0.319151423290505
8	9997.25	9996.276065100441	9998.223934899559	9.742028053304953e-05	2.375	1.3820287417517174	3.3679712582482826	0.41809316136769786	0.375	-0.24701947048082573	0.9970194704808257	1.6587185879488686	1.6354166666666665	1.0490449873862262	2.2217883459471066	0.3585457401969572
9	9996.875	9995.933647442931	9997.816352557069	9.416468216999901e-05	2.625	1.5361076794632902	3.7138923205367096	0.4148161221092228	0.5	-0.27400497288449666	1.2740049728844967	1.5480099457689933	1.5041666666666667	1.2318608178277655	1.7764725155055678	0.18103435933888165
10	9996.5	9995.500763876713	9997.499236123287	9.99585978380226e-05	2.75	1.6784386370367304	3.8215613629632696	0.389658677441189	0.75	0.008946657422173376	1.4910533425778265	0.9880711234371021	1.5270833333333333	1.1250408105470395	1.9291258561196272	0.2632747761765634
11	9996.25	9995.384636132854	9997.115363867146	8.656885003339333e-05	3.0	1.9053916700025253	4.094608329997475	0.36486944333249155	0.75	0.008946657422173376	1.4910533425778265	0.9880711234371021	1.7035714285714287	1.2374227068701402	2.1697201502727173	0.27363027688964514
12	9995.5	9994.317687874494	9996.682312125506	0.00011828444054876191	3.625	2.147109843118563	5.102890156881437	0.4076938363810861	0.875	0.17732134570020808	1.572678654299792	0.7973470334854765	1.9465277777777779	1.3503471938552414	2.5427083617003143	0.3062790013729763
13	9994.375	9992.89710984312	9995.85289015688	0.0001478721937971546	4.75	2.9765318117422757	6.523468188257724	0.3733617238437314	0.875	0.17732134570020808	1.572678654299792	0.7973470334854765	1.6654761904761903	1.0662452061174357	2.264707174834945	0.359795587463441
14	9994.125	9992.5490237423	9995.7009762577	0.00015769026880285526	5.0	3.1574996276030394	6.842500372396961	0.36850007447939215	0.875	0.17732134570020808	1.572678654299792	0.7973470334854765	1.643452380952381	1.046213305654386	2.240691456250376	0.36340515990606
15	9993.75	9991.482372368548	9996.017627631452	0.00022690457850685415	5.25	2.653908398561076	7.846091601438924	0.49449363836931887	1.0	0.3680275860187512	1.6319724139812488	0.6319724139812488	1.5427083333333331	1.0400264940838506	2.045390172582816	0.32584373104625475
16	9992.5	9989.535786629689	9995.464213370311	0.0002966438198960527	6.375	3.062792243753518	9.687207756246481	0.5195620009798403	1.125	0.5892193185183652	1.6607806814816348	0.47624949465034205	1.4645833333333331	1.0044071251914972	1.924759541475169	0.31420281636995906
17	9991.625	9987.887870257699	9995.362129742301	0.00037402622119032367	7.0	2.90435065644066	11.09564934355934	0.58509276336562	1.375	0.6091000145750816	2.1408999854249187	0.5570181712181225	1.5205800960735172	1.1029565361645672	1.9382036559824671	0.2746475249724422
18	9991.0	9987.129975135578	9994.870024864422	0.0003873511024344394	7.125	3.5100984572586063	10.739901542741393	0.5073546024900202	1.875	1.177321345700208	2.572678654299792	0.37209528229322236	1.5094246031746033	1.0992666828720399	1.9195825234771666	0.27173130704238174
19	9990.125	9986.117141263223	9994.132858736777	0.00040118204094318166	7.625	4.108100487267818	11.14189951273218	0.4612327229812697	2.25	1.384636132853692	3.115363867146308	0.38460616317613694	1.352389705882353	0.9959282664598308	1.7088511453048754	0.26357893576981395
20	9989.5	9985.453402118648	9993.546597881352	0.0004050851275191231	7.75	4.23842778067605	11.26157221932395	0.4531060928159936	2.75	2.0089466574221735	3.4910533425778265	0.2694739427555733	1.4721320346320348	1.0524207295481958	1.8918433397158738	0.28510438955888057
21	9988.0	9982.656188350964	9993.343811649036	0.000535023192734949	8.75	4.19826283445246	13.30173716554754	0.5201985332054332	3.25	2.1784386370367304	4.321561362963269	0.329711188604083	1.353625541125541	0.9760728154765353	1.7311782667745463	0.2789196230259294
22	9986.875	9980.822606097281	9992.927393902719	0.0006060348109613521	8.875	3.4122299417683557	14.337770058231644	0.6155233868430022	4.25	2.7848322332651056	5.715167766734894	0.34474535687879865	1.3744026806526808	0.9455010028023882	1.8033043585029733	0.31206405799980996
23	9986.125	9979.535532100523	9992.714467899477	0.000659862348956924	9.125	3.680538397316451	14.56946160268355	0.5966533263214848	4.75	2.9210976021726096	6.57890239782739	0.3850320837531348	1.4369642857142857	0.9637935225360366	1.9101350488925348	0.32928498493826214
24	9985.25	9978.71664607678	9991.78335392322	0.0006543004855381946	9.625	4.751482538699124	14.498517461300876	0.5063394764987923	5.125	2.9615903321342296	7.28840966786577	0.4221287156811259	1.3734953703703705	0.9900670595953324	1.7569236811454085	0.2791624340689584
25	9984.0	9976.337741690018	9991.662258309982	0.0007674537570094475	10.0	4.105353743701326	15.894646256298675	0.5894646256298673	6.0	3.39431098467874	8.60568901532126	0.43428150255354336	1.386574074074074	0.9455105999921616	1.8276375481559863	0.31809586110748944
26	9983.0	9974.981169021774	9991.018830978226	0.0008032486204774256	10.0	4.004583260273241	15.995416739726759	0.5995416739726759	7.0	4.103938575806959	9.896061424193041	0.4137230605990059	1.4111706002331004	0.8829328630104679	1.939408337455733	0.3743259228440395
27	9981.75	9973.50100470541	9989.99899529459	0.0008264077235545071	9.875	4.790910564439362	14.959089435560639	0.5148444998036089	8.375	4.611247447452788	12.138752552547212	0.44940328985638345	1.5142460317460316	0.9762037396456208	2.0522883238464424	0.35532025894101926
28	9980.125	9971.35175805138	9988.89824194862	0.0008790713491685542	11.0	5.904875508668737	16.095124491331262	0.46319313557556935	8.875	4.4866011222508435	13.263398877749157	0.49446747918300354	1.4790967712842713	0.9848236600073196	1.9733698825612231	0.3341722603097726
29	9977.875	9967.83839561181	9987.91160438819	0.0010058859615087676	12.375	6.135772526757063	18.614227473242938	0.5041799978378131	9.75	5.089872957277883	14.410127042722117	0.47796174797149915	1.3958938539530645	0.9302230193100244	1.8615646885961046	0.3336004620439412
30	9976.0	9964.092727353764	9987.907272646236	0.0011935918851480258	14.125	6.1381399829506496	22.111860017049352	0.5654414171362372	9.875	5.136523687249628	14.613476312750372	0.47984570255699965	1.3938581438581439	0.8917043978085134	1.8960118899077743	0.3602617298340625
31	9973.375	9960.255387391544	9986.494612608456	0.0013154636829013746	16.125	6.778669611986452	25.47133038801355	0.579617388403941	10.5	5.920924827899462	15.079075172100538	0.43610239734290834	1.3227474250659734	0.8142167291046148	1.831278121027332	0.38445033898742614
32	9970.75	9956.430908001637	9985.069091998363	0.0014361098210629278	17.75	7.750147304443217	27.749852695556783	0.5633719828482694	11.5	5.865158742551277	17.134841257448723	0.489986196299889	1.3121026647420353	0.9566482132416795	1.6675571162423912	0.27090445058294244
33	9968.0	9951.684582245613	9984.315417754387	0.0016367794697419332	19.75	8.41186184273563	31.088138157264368	0.5740829446716137	12.25	6.496794431166339	18.00320556883366	0.469649434190503	1.2241615527329812	0.8212887509848181	1.6270343544811443	0.329101008644436
34	9965.25	9947.811969709803	9982.688030290197	0.0017498838754870629	20.875	8.617036057438078	33.13296394256192	0.5872078535359004	13.875	8.00688005171205	19.743119948287948	0.42292756384057295	1.2960227272727272	0.9702547392531982	1.6217907152922562	0.2513597803219514
35	9962.875	9943.435105831664	9982.314894168336	0.0019512333707224527	22.25	8.80850980718439	35.69149019281561	0.6041119187782297	14.875	8.377083426039999	21.37291657396	0.4368347276611765	1.2995743239503668	1.0340861816465623	1.5650624662541712	0.20428854080218348
36	9960.375	9939.678808002549	9981.071191997451	0.002077852691033245	23.25	8.840543902846122	37.65945609715388	0.6197615525657582	16.375	9.82352300750416	22.92647699249584	0.40009019801501305	1.3424611025417477	1.0083922192149228	1.6765299858685725	0.2488480915345076
37	9957.75	9935.745241447612	9979.754758552388	0.002209812312258007	24.0	9.540393829034425	38.45960617096557	0.6024835904568989	18.25	10.410612097132708	26.089387902867294	0.4295555015269749	1.405363518477261	1.039572869260742	1.77115416769378	0.2602818732713799
38	9954.375	9931.9291338071	9976.8208661929	0.002254874484123914	25.5	11.291157462944893	39.708842537055105	0.557209511257063	20.125	11.559063267759885	28.690936732240115	0.4256366078131734	1.3803604567267356	0.8830172802618872	1.877703633191584	0.36029949571592623
39	9951.375	9927.418587459273	9975.331412540727	0.0024073469787568116	26.125	12.65614584250967	39.59385415749033	0.5155542261240318	22.5	11.3729774454116	33.6270225545884	0.49453433575948447	1.430056517232288	0.8899888208427648	1.9701242136218116	0.37765479187826995
40	9947.75	9921.480350278087	9974.019649721913	0.0026407629586502708	28.375	13.446950738150745	43.30304926184925	0.5260986523999738	23.875	11.67418781166468	36.07581218833532	0.5110287827575003	1.4177325755230683	0.8865496931814106	1.948915457864726	0.3746707182387195
41	9942.0	9911.777443110152	9972.222556889848	0.0030398870337807753	32.125	13.364691055476776	50.885308944523224	0.58397848854547	25.875	13.5115979853697	38.238402014630296	0.4778126382465816	1.3715445883146975	0.9210029946572456	1.8220861819721494	0.3284921230384938
42	9937.5	9904.686083745433	9970.313916254567	0.0033020293086356814	34.0	12.949531074322074	55.050468925677926	0.6191314389905272	28.5	15.805374571282881	41.19462542871712	0.44542545363919717	1.4325821466445907	1.0381437963593372	1.8270204969298443	0.2753338447007115
43	9933.375	9897.658947491303	9969.091052508697	0.003595560673859205	35.25	13.597450095529744	56.902549904470256	0.6142567348785888	31.375	16.280662687132825	46.469337312867175	0.4810944163463641	1.4128324354183206	0.9776268943172887	1.8480379765193526	0.3080376201670182
44	9929.375	9890.887056305888	9967.862943694112	0.0038761698187560994	37.0	13.719728262557364	60.28027173744263	0.6291965334443955	33.625	17.719009485960605	49.530990514039395	0.47304061008295606	1.4610739633071386	1.0911791776086435	1.8309687490056337	0.25316636596633263
45	9924.375	9882.950817149029	9965.799182850971	0.004173984039394977	39.5	15.195750859628859	63.80424914037114	0.6152974465916744	36.125	18.40475101329567	53.845248986704334	0.49052592350738633	1.5474630064608907	1.1959613895767653	1.8989646233450161	0.22714702413986848
46	9917.0	9870.706133424712	9963.293866575288	0.004668132154410461	44.25	16.144097069826458	72.35590293017354	0.635161648139515	38.75	19.855451569400913	57.64454843059909	0.48760124982191194	1.452954013241801	1.0850538556638152	1.820854170819787	0.2532083976678206
47	9911.25	9861.976917997868	9960.523082002132	0.004971429638252716	47.125	18.263028459094272	75.98697154090573	0.6124556295152409	41.625	20.287447900296264	62.962552099703736	0.5126138642571468	1.4520693003657783	0.9635517187801177	1.940586881951439	0.3364285585148053
48	9905.375	9852.419374145315	9958.330625854685	0.005346150534905007	49.25	18.52369230634461	79.97630769365539	0.623884420175744	45.375	22.258551792064548	68.49144820793545	0.5094534040316353	1.4280140646615949	0.922226377801451	1.9338017515217387	0.35418956954041164
49	9900.25	9844.91405732566	9955.58594267434	0.005589348013872253	51.0	19.616985492243014	82.38301450775698	0.6153532256422939	48.75	23.75011864046971	73.74988135953029	0.5128180791698521	1.5068678279451595	0.9853754890682338	2.028360166822085	0.3460770275970778
50	9893.875	9835.491150232185	9952.258849767815	0.005901009439457684	54.25	21.019576794290828	87.48042320570917	0.6125423632388788	51.875	24.94586455938355	78.80413544061645	0.5191158639154978	1.4763350504027946	0.9562884605483871	1.9963816402572019	0.3522551264447193
51	9886.125	9821.230883359647	9951.019116640353	0.006564161047968946	59.125	20.990197049075626	97.25980295092438	0.6449860964215539	54.75	26.217477819015873	83.28252218098413	0.5211419576435458	1.4816117052832138	1.000030090216238	1.9631933203501897	0.32503901889390124
52	9879.125	9809.73967039855	9948.51032960145	0.007023428654000243	62.375	21.702437946798845	103.04756205320115	0.6520651230974133	58.5	28.17520030558086	88.82479969441914	0.5183726443490452	1.5334712975876574	1.0507274047216664	2.0162151904536483	0.3148046485287385
53	9870.25	9795.275654953437	9945.224345046563	0.007595992507440277	66.75	23.25911583253172	110.24088416746828	0.6515488264789255	63.0	30.14655072416356	95.85344927583644	0.5214833218386736	1.4589093575716947	0.9424979747663745	1.9753207403770148	0.35397084824027003
54	9859.75	9778.580591397093	9940.919408602907	0.008232400274135413	72.75	25.226367794467414	120.27363220553258	0.6532458035124754	67.5	32.06725050822844	102.93274949177156	0.5249296221003193	1.4395801383924187	0.9236511034946241	1.9555091732902135	0.35838854756216165
55	9852.5	9766.578475274997	9938.421524725003	0.008720784037046734	74.375	25.684534744067037	123.06546525593296	0.6546617177268298	73.125	34.33600379305977	111.91399620694023	0.5304478113769604	1.588142623765795	1.1553573235744596	2.0209279239571303	0.2725103487022578
56	9841.25	9746.807912626351	9935.692087373649	0.009596554032632907	79.75	24.88520286656133	134.61479713343869	0.6879598386638078	79.0	38.270861046417174	119.72913895358283	0.5155587209314282	1.6164657112020815	1.2954675708508203	1.9374638515533427	0.19858023472242503
57	9828.375	9725.235691049455	9931.514308950545	0.010494034766738776	87.75	27.95968140920767	147.54031859079234	0.6813711520318214	83.875	39.48723192485528	128.26276807514472	0.5292133302550787	1.589699630278517	1.2885040303117914	1.8908952302452424	0.18946698749244587
58	9817.375	9706.150604343045	9928.599395656955	0.011329341667905533	93.625	28.8101706445064	158.4398293554936	0.6922812214204924	89.0	41.40865868920302	136.59134131079696	0.5347341720314267	1.6046614421034149	1.3202031129255152	1.8891197712813146	0.1772699970936096
59	9804.75	9683.888890101447	9925.611109898553	0.012326791595762498	100.0	30.143460508348127	169.85653949165186	0.6985653949165187	95.25	43.088821540006755	147.41117845999324	0.5476239208398241	1.7338001075635785	1.4053968591111783	2.0622033560159787	0.18941240516698815
60	9791.375	9661.13275482059	9921.61724517941	0.013301731899698403	108.25	32.34520637620642	184.15479362379358	0.7011990173098714	100.375	44.950375255003756	155.79962474499624	0.5521755889912453	1.6585577054051868	1.4095323688265873	1.9075830419837863	0.15014571743089422
61	9777.25	9637.424943010139	9917.075056989861	0.0143010618517335	116.25	34.4788380609656	198.0211619390344	0.703407844636855	106.5	47.64338068924859	165.3566193107514	0.5526443127770085	1.7383915686118057	1.50318666271179	1.9735964745118213	0.13530030296214487
62	9762.25	9610.899038857715	9913.600961142285	0.015503696498479935	123.875	35.499993107306864	212.25000689269314	0.7134208427260799	113.875	50.14216043395555	177.60783956604445	0.5596736734669107	1.692395495330183	1.4945827652058752	1.8902082254544907	0.11688327620236011
63	9744.625	9579.9783332987	9909.2716667013	0.016896152155808974	134.375	38.28511932570024	230.46488067429976	0.7150874840878122	121.0	51.94418028523992	190.05581971476008	0.5707092538409924	1.622914775520694	1.4291673785504262	1.816662172490962	0.11938236060985158
64	9727.0	9550.761826738557	9903.238173261443	0.018118451039523368	143.25	42.20973540516941	244.2902645948306	0.7053421612204579	129.75	53.955782862244064	205.54421713775594	0.5841558160906045	1.5792368315656926	1.4148082792982613	1.743665383833124	0.10411899531523279
65	9711.75	9524.95016286684	9898.54983713316	0.019234415747229804	149.875	44.74753577950368	255.00246422049634	0.701434290045013	138.375	55.96020282732161	220.7897971726784	0.5955902234701239	1.580972824773819	1.4083030667911995	1.7536425827564386	0.10921741049364493
66	9693.0	9493.507319041468	9892.492680958532	0.020581108114983253	159.625	49.06148713161083	270.1885128683892	0.6926453429499713	147.375	57.32953380062159	237.4204661993784	0.6109955297667746	1.5153494075688099	1.344275899035436	1.6864229161021838	0.11289377069004845
67	9673.25	9459.344491425256	9887.155508574744	0.022113096278370173	167.75	50.80372250840834	284.6962774915917	0.6971462145549429	159.0	60.90269401366808	257.0973059863319	0.6169641885932825	1.5208021272218941	1.3909192870993285	1.6506849673444597	0.0854041678386046
68	9654.375	9428.456601304764	9880.293398695236	0.023400623934251123	176.625	54.56027055988105	298.689729440119	0.6910954249971349	169.0	63.83116940859409	274.16883059140594	0.6223007727302124	1.5383234408558373	1.381356706925161	1.6952901747865134	0.1020375362955847
69	9635.5	9398.508659503254	9872.491340496746	0.024595645321648794	183.125	57.806736679686125	308.44326332031386	0.6843318133532498	181.375	68.26964730947593	294.48035269052406	0.6235994634901396	1.529828272878985	1.4110496552805523	1.6486068904774176	0.07764179790905758
70	9614.375	9362.707136271918	9866.042863728082	0.026176206329385106	191.375	60.853235738366294	321.89676426163373	0.6820209758935791	194.25	71.64918409557278	316.85081590442724	0.6311496314256227	1.568089737682052	1.2716913168515582	1.8644881585125457	0.1890187874506656
71	9592.875	9328.182108577479	9857.567891422521	0.02759265511356293	200.75	64.82982687527127	336.67017312472876	0.6770618835602926	206.375	76.08829801471538	336.6617019852846	0.6313104881176723	1.589522593689582	1.3140474832119018	1.8649977041672623	0.17330682279781287
72	9566.375	9284.816949092301	9847.933050907699	0.02943205246581904	213.5	70.3746413924028	356.6253586075972	0.67037638692083	220.125	80.25447197536158	359.9955280246384	0.6354140966479883	1.6442242769960531	1.2402202217118958	2.0482283322802104	0.24571103889930412
73	9540.25	9243.564107088709	9836.935892911291	0.03109833525445268	225.25	75.37007740626913	375.12992259373084	0.6653936630132335	234.5	85.5655402217784	383.4344597782216	0.6351149670713074	1.631491028551782	1.2634468560891952	1.999535201014369	0.22558761649415068
74	9514.125	9198.90743611868	9829.34256388132	0.03313153483702599	234.875	76.50856540299046	393.2414345970095	0.6742583697584228	251.0	90.7024676014644	411.2975323985356	0.6386355872451618	1.6210266292190916	1.3553525226198242	1.886700735818359	0.16389249985810064
75	9484.625	9149.476396539889	9819.773603460111	0.03533598887252915	249.75	80.8201268781423	418.67987312185767	0.6763958883758066	265.625	97.00027737714888	434.2497226228511	0.6348224851683807	1.5865467298333507	1.3589393259557367	1.8141541337109646	0.1434608887325503
76	9457.125	9105.353168796955	9808.896831203045	0.03719648743175601	261.0	85.36396218319254	436.63603781680746	0.6729350107923657	281.875	103.66749850488483	460.08250149511514	0.6322217347942002	1.6375662000087616	1.4056956229821622	1.869436777035361	0.1415946280677745
77	9428.625	9056.639858781913	9800.610141218087	0.03945274535980455	271.0	88.33482639925876	453.66517360074124	0.6740412309990451	300.375	108.56645953686026	492.1835404631397	0.6385635970474898	1.6731251976255799	1.374228946946512	1.9720214483046477	0.1786454779972516
78	9397.625	9004.926999253052	9790.323000746948	0.04178694092889943	283.125	92.1503827577541	474.0996172422459	0.6745240344096985	319.25	115.28647177201086	523.2135282279892	0.6388834087016104	1.788533961401807	1.443050688679663	2.134017234123951	0.19316562065802928
79	9363.875	8948.944937034941	9778.805062965059	0.044311790040454296	301.25	98.93799564683806	503.5620043531619	0.6715751181847699	334.875	120.37019491170949	549.3798050882905	0.6405518628989638	1.7061510760529952	1.4023030466759885	2.009999105430002	0.17808975631860682
80	9330.125	8894.580809146206	9765.669190853794	0.04668149578422529	314.875	106.03778781003723	523.7122121899628	0.6632384666612553	355.0	126.71532792534796	583.284672074652	0.6430554142947945	1.6926249020172301	1.4045355587095116	1.9807142453249487	0.170202708801212
81	9292.25	8833.083496022911	9751.416503977089	0.04941392063031982	330.75	112.05569731591854	549.4443026840814	0.6612072643509643	377.0	135.12004037568929	618.8799596243107	0.6415914048390204	1.696888200169159	1.4121163484167751	1.9816600519215428	0.16782004360923453
82	9254.25	8771.10745116998	9737.39254883002	0.05220763960666927	346.75	119.24530718448841	574.2546928155116	0.6561058192228164	399.0	142.17648788120414	655.8235121187959	0.6436679501724207	1.6936593523297474	1.3750576676618702	2.0122610369976246	0.18811438334964947
83	9214.75	8705.924729264876	9723.575270735124	0.05521856488077533	366.25	127.33987297061336	605.1601270293867	0.6523143400119772	419.0	147.85437341933851	690.1456265806614	0.647125600431173	1.6757073022396556	1.3886226439643672	1.962791960514944	0.1713214819148829
84	9169.5	8631.353688187135	9707.646311812865	0.05868873022660608	388.875	135.0680657740937	642.6819342259063	0.6526697119277565	441.625	156.5357585642181	726.7142414357819	0.6455459755126678	1.656849430578687	1.320727443587303	1.9929714175700708	0.20286815493788515
85	9124.625	8557.390954648537	9691.859045351463	0.06216518984083858	409.375	142.9310017361313	675.8189982638687	0.6508555682781526	466.0	164.44484151204279	767.5551584879572	0.6471140740084919	1.6880644027935001	1.3184806144749117	2.0576481911120887	0.21893938863172593
86	9080.5	8487.897374767274	9673.102625232726	0.06526101263506703	429.875	154.01399660361	705.7360033963901	0.6417237648069555	489.625	171.72624844897803	807.523751551022	0.6492698525422966	1.6493559336811943	1.30384128808561	1.9948705792767785	0.2094845864012086
87	9029.5	8406.286915804787	9652.713084195213	0.06901966711282044	454.125	164.97830378607347	743.2716962139266	0.6367116899838735	516.375	181.09920907415278	851.6507909258472	0.6492874188832675	1.5974965041558553	1.274012257228641	1.9209807510830696	0.2024944944077665
88	8975.25	8319.257801664575	9631.242198335425	0.07308901683356177	481.375	177.93907469294368	784.8109253070563	0.6303524805132305	543.375	188.90947063063868	897.8405293693613	0.6523405187381851	1.5175239520389594	1.259864903030946	1.775183001046973	0.1697891151318043
89	8919.5	8235.702781669577	9603.297218330423	0.07666317824210135	506.875	193.1207644516919	820.6292355483081	0.6189972587882774	573.625	201.13289536312078	946.1171046368793	0.6493651856820731	1.4999023763631372	1.235260171415727	1.7645445813105474	0.17643961974985128
90	8865.875	8151.300094605306	9580.449905394695	0.08059835102510401	531.0	203.5629617445427	858.4370382554573	0.6166422566016145	603.125	213.25680829822915	992.9931917017709	0.6464135820962004	1.5235138210314452	1.201513637229352	1.8455140048335383	0.21135363483876604
91	8806.5	8060.228878509754	9552.771121490245	0.08474094379040996	552.75	215.23627351471055	890.2637264852895	0.6106082794849199	640.75	229.50836728350845	1051.9916327164915	0.6418129265961632	1.5580540440386852	1.1596921103002613	1.956415977777109	0.25567915006710307
92	8749.125	7972.233541363275	9526.016458636725	0.0887964749202606	572.625	228.48252666377186	916.7674733362281	0.6009910034249782	678.25	242.0695827402758	1114.4304172597242	0.6430968186652771	1.50647814541239	1.1664154753745226	1.8465408154502572	0.22573355682154755
93	8690.5	7882.817373554414	9498.182626445587	0.09293856814286704	596.875	242.94606235193368	950.8039376480663	0.5929699478920483	712.625	253.92926557857163	1171.3207344214284	0.6436705622472245	1.462971610557594	1.1346491018751519	1.7912941192400362	0.22442165405882764
94	8626.0	7781.075098732911	9470.924901267088	0.09795095076131331	626.5	255.874714370964	997.125285629036	0.5915806634142634	747.5	267.49791789810456	1227.5020821018954	0.6421432536480206	1.4295862945995763	1.1284842928190253	1.7306882963801273	0.21062177422796927
95	8559.875	7679.264192979801	9440.485807020199	0.10287659656480953	650.625	269.58731289728775	1031.6626871027122	0.585648702559404	789.5	283.9846774588565	1295.0153225411436	0.6402980652832724	1.397812064598325	1.1147768435735923	1.6808472856230576	0.20248445995926193
96	8494.125	7578.864262746832	9409.385737253167	0.10775220958641038	675.125	282.6369467723843	1067.6130532276156	0.5813561240179459	830.75	300.3728698461166	1361.1271301538834	0.6384316944374161	1.3749456410834937	1.0902871583557778	1.6596041238112096	0.2070325358487608
97	8429.375	7478.082274661278	9380.667725338722	0.11285447916823275	696.875	293.2873923068152	1100.4626076931847	0.5791391679902204	873.75	319.7938694615988	1427.7061305384013	0.6339984326619756	1.3619956409135248	1.0762857996992166	1.647705482127833	0.20977294833533783
98	8359.625	7369.317075028903	9349.932924971097	0.11846319960178804	720.25	303.7696903984402	1136.7303096015598	0.5782440952468723	920.125	339.8756404516073	1500.3743595483927	0.6306201435113629	1.3607348431442348	1.0532124814078816	1.668257204880588	0.22599727146382512
99	8286.375	7256.753745366235	9315.996254633765	0.12425472593670507	749.0	317.22777018475387	1180.7722298152462	0.576464926322091	964.625	359.5938499642708	1569.6561500357293	0.6272190229734137	1.3765214298522646	1.0265911632102565	1.7264516964942727	0.25421345360352615
100	8214.125	7144.972191339085	9283.277808660914	0.13016027984245612	773.5	328.78828222385124	1218.2117177761488	0.5749343474804768	1012.375	380.85999346545645	1643.8900065345435	0.6237955367670512	1.3542576745112727	1.0319762312849095	1.6765391177376359	0.23797645698605235
101	8144.75	7041.181325061218	9248.318674938782	0.1354944810999456	791.0	340.1901074463093	1241.8098925536906	0.5699240108137683	1064.25	404.02364470559314	1724.4763552944069	0.6203677287238966	1.3397885578181974	1.0355670656716043	1.6440100499647905	0.2270667937648371
102	8065.0	6919.09790172003	9210.90209827997	0.14208333518660518	815.75	354.6236402082346	1276.8763597917655	0.5652790190521182	1119.25	427.02831915632055	1811.4716808436795	0.6184692256811968	1.2965445663568278	1.0109181847880888	1.5821709479255668	0.2202981594156251
103	7986.125	6800.500332433808	9171.749667566193	0.14846056974642802	840.125	371.0634181859209	1309.186581814079	0.5583235611534939	1173.75	448.19960035903	1899.30039964097	0.6181473053384196	1.2694176177152667	0.9874696756410892	1.5513655597894442	0.22210810543313178
104	7910.125	6687.9964386527845	9132.253561347216	0.15450180134286315	862.25	386.0404919264514	1338.4595080735485	0.5522870490850085	1227.625	471.59091275285573	1983.6590872471443	0.6158510027468846	1.2513311557011222	0.9743167493883388	1.5283455620139055	0.2213757765485923
105	7832.0	6570.943584452667	9093.056415547333	0.1610133319136023	879.0	399.11421196314694	1358.885788036853	0.545945151350231	1289.0	498.87764253981686	2079.122357460183	0.6129731244842382	1.2601746109651242	0.966357235981585	1.5539919859486635	0.2331560820436738
106	7751.375	6452.489726443585	9050.260273556414	0.16756836994164456	906.375	417.80678964436925	1394.9432103556308	0.5390353996476411	1342.25	523.2708370119028	2161.2291629880974	0.6101539675828624	1.2299389495453692	0.939350930367902	1.5205269687228364	0.2362621488528998
107	7670.75	6330.58132477595	9010.91867522405	0.17471155691738752	928.625	427.0920869487688	1430.1579130512312	0.5400812093700161	1400.625	553.702508188881	2247.547491811119	0.6046746929485901	1.2260342289371144	0.9165250951627244	1.5355433627115045	0.25244738398756833
108	7588.0	6209.297680866183	8966.702319133818	0.1816950868652895	949.125	441.17435886284306	1457.075641137157	0.535177812339952	1462.875	583.0675457668385	2342.6824542331615	0.6014235353213101	1.2125849197697371	0.896584478230672	1.5285853613088023	0.2606006691878305
109	7502.875	6087.958241605114	8917.791758394886	0.18858327752959833	972.75	462.5408280284622	1482.9591719715377	0.5245018473107559	1524.375	611.5018471575562	2437.2481528424437	0.5988507767724108	1.1867560525459644	0.879873685280372	1.4936384198115569	0.25858925817756173
110	7418.25	5966.017080558468	8870.482919441532	0.1957648932620945	993.125	478.34623897226413	1507.903761027736	0.5183423647856371	1588.625	641.359807640949	2535.890192359051	0.5962799228005671	1.1815583401820458	0.8584313854563768	1.5046852949077147	0.2734752434449272
111	7342.25	5858.608596391077	8825.891403608923	0.20206903927391776	1002.125	492.1184776069004	1512.1315223930997	0.5089250566477231	1655.625	672.3865112744812	2638.863488725519	0.593877531884043	1.1623129225457904	0.8496793838684755	1.4749464612231054	0.2689753616371742
112	7253.375	5734.59690670599	8772.153093294011	0.2093891592939853	1024.875	511.008083932551	1538.741916067449	0.5013947223490172	1721.75	706.3973913198155	2737.1026086801844	0.5897212770031564	1.1585595212061652	0.8278069881139312	1.4893120542983993	0.28548600830442517
113	7169.0	5617.492986303787	8720.507013696213	0.21641888878451843	1039.875	529.0189279173503	1550.7310720826497	0.49126680810929174	1791.125	738.1394330194571	2844.110566980543	0.5878906089639433	1.144861333303954	0.8134257995373854	1.4762968670705225	0.2894984083444229
114	7088.125	5503.755635863836	8672.494364136164	0.22352446720905242	1050.5	538.6594984575794	1562.3405015424205	0.4872351275986869	1861.375	776.3360671072312	2946.4139328927686	0.5829233404836579	1.1358741523250373	0.7972827610067837	1.4744655436432907	0.29808882491531824
115	7002.75	5388.881342973552	8616.618657026447	0.2304621265969009	1067.25	558.4996950227406	1576.0003049772595	0.4766927195851575	1930.0	810.3927771468773	3049.607222853123	0.5801073693539496	1.1236877056032666	0.7756622846863965	1.4717131265201366	0.3097172098452639
116	6913.375	5267.933028243331	8558.816971756669	0.2380084939348248	1086.125	578.1971613634562	1594.0528386365438	0.46765136483972264	2000.5	849.4665549959577	3151.5334450040423	0.5753728792822006	1.1075109893223258	0.7533895028861406	1.461632475758511	0.3197453477665882
117	6830.875	5159.86306769906	8501.88693230094	0.24462633737272904	1099.375	597.761066220223	1600.988933779777	0.4562719124773412	2069.75	887.6248001509027	3251.875199849097	0.5711439545109782	1.0961800510300956	0.7360047034781209	1.4563553985820703	0.32857316388262403
118	6751.375	5056.032644016663	8446.717355983337	0.25111067834083234	1108.25	614.1395582702743	1602.3604417297256	0.44584745475274146	2140.375	926.2881474562034	3354.4618525437963	0.5672309069876992	1.0869466242314827	0.7226162671567358	1.4512769813062296	0.33518698062321495
119	6671.0	4951.964635544376	8390.035364455625	0.257687807593408	1116.375	628.7236233740159	1604.026376625984	0.4368168192820371	2212.625	968.1834618850983	3457.066538114902	0.5624276766803691	1.0708548146714052	0.7082620644311134	1.4334475649116971	0.33860122331480985
120	6587.625	4847.430809033949	8327.81919096605	0.2641610885510409	1124.25	648.5838495818018	1599.9161504181982	0.4230964202074256	2288.125	1008.401659405931	3567.8483405940688	0.5592890863016964	1.0501322380933287	0.6928043680285347	1.4074601081581226	0.34026940332160055
121	6509.125	4751.065918394338	8267.184081605661	0.270091461080508	1126.875	666.6488319504358	1587.1011680495642	0.40840924508003473	2364.0	1050.3590275687257	3677.6409724312743	0.5556856905377641	1.0405829917166047	0.6933077993964991	1.3878581840367104	0.3337313747048862
122	6431.0	4657.23445702093	8204.76554297907	0.2758148877280469	1128.375	682.5197076312904	1574.2302923687096	0.39513042416635386	2440.625	1096.1542303606388	3785.095769639361	0.5508715061262427	1.0256467439090338	0.6829921973826063	1.3683012904354612	0.33408632022802776
123	6352.25	4563.026617570429	8141.473382429571	0.2816676582989604	1133.375	701.9782664958225	1564.7717335041775	0.38063018286461014	2514.375	1139.2247414164895	3889.5252585835105	0.5469153402270984	1.0077672122221328	0.6724665821267621	1.3430678423175035	0.33271635158285295
124	6266.875	4460.351348571183	8073.398651428817	0.2882654674664513	1142.75	722.339703042248	1563.160296957752	0.3678934998536443	2590.375	1185.7592673995089	3994.9907326004914	0.5422441664239699	0.9879940237771418	0.6602003949355969	1.315787652618687	0.3317769348324359
125	6183.625	4367.782228382174	7999.467771617826	0.29365344302376445	1157.0	752.9172635055206	1561.0827364944794	0.3492504204792388	2659.375	1226.2721030548514	4092.4778969451486	0.5388871057843097	0.9568789708812666	0.6472899697736536	1.2664679719888796	0.32354039594211964
126	6103.0	4277.071467734943	7928.928532265057	0.2991854059093981	1161.25	771.7724844844245	1550.7275155155755	0.3353950618002803	2735.75	1277.6987138529528	4193.801286147047	0.5329621808085707	0.9450235092892709	0.6357311345254875	1.2543158840530544	0.3272853762086773
127	6019.25	4188.929265094254	7849.570734905746	0.30407787264289504	1167.5	796.1539559987248	1538.8460440012752	0.3180694167034478	2813.25	1328.921634704206	4297.578365295794	0.5276204977502156	0.9184312484928384	0.6277013087611635	1.2091611882245132	0.316550574916487
128	5938.875	4102.984508232053	7774.765491767947	0.3091310209034451	1173.875	816.556087689479	1531.193912310521	0.3043926417297591	2887.25	1380.167392207574	4394.332607792426	0.5219785636132742	0.898416357235372	0.615541499172904	1.18129121529784	0.31485942545941303
129	5858.25	4019.4389316109878	7697.061068389012	0.3138840214038343	1172.5	828.1611441383936	1516.8388558616064	0.2936791947646963	2969.25	1440.275204042177	4498.2247959578235	0.5149363630404389	0.8883569923997232	0.6070119525183524	1.169702032281094	0.3167026795403186
130	5777.0	3934.951529141675	7619.048470858324	0.3188590048222823	1171.375	843.2014742529896	1499.5485257470104	0.28016094397354424	3051.625	1500.948971967413	4602.301028032587	0.508147635450813	0.8827417609249704	0.6014304104904733	1.1640531113594674	0.3186791006009824
131	5696.625	3850.56061792188	7542.689382078121	0.3240628235276361	1172.5	860.7722797895206	1484.2277202104794	0.2658658594545667	3130.875	1558.9616391485586	4702.788360851441	0.5020683869050797	0.8747332472628337	0.5874003854331766	1.1620661090924909	0.3284805541903924
132	5612.75	3768.1503866046965	7457.349613395303	0.32864453492411094	1177.0	879.6108105389185	1474.3891894610815	0.25266711084204035	3210.25	1617.6856766293317	4802.814323370669	0.4960873213521278	0.8568026371592508	0.570806884284836	1.1427983900336656	0.33379420238789237
133	5534.0	3695.552709143981	7372.447290856019	0.3322094851564906	1184.0	906.7938172019453	1461.2061827980547	0.23412684357943803	3282.0	1674.1777814291158	4889.822218570884	0.4898909867674845	0.843905974162384	0.5670208417577397	1.1207911065670282	0.3280995050182761
134	5457.0	3625.387102772173	7288.6128972278275	0.3356446577291235	1178.125	917.9720234498491	1438.277976550151	0.22081950264203792	3364.875	1740.633513632523	4989.116486367477	0.4827048512552404	0.8431161808591515	0.5669805357638551	1.119251825954448	0.3275179048442753
135	5380.5	3558.484566948716	7202.515433051284	0.33863310715570744	1172.75	933.4673713992499	1412.03262860075	0.2040354965685356	3446.75	1808.2231072339812	5085.276892766019	0.4753831559486527	0.8326515186827822	0.5577220695648885	1.107580967800676	0.3301854893062826
136	5308.875	3494.2163966334556	7123.533603366544	0.3418160351047151	1169.875	944.8114256275034	1394.9385743724968	0.19238258307297504	3521.25	1868.9926141814992	5173.507385818501	0.4692246747088394	0.8290581250866289	0.5542845391677909	1.103831711005467	0.33142861471881335
137	5228.875	3425.0069428328147	7032.743057167185	0.34498205774037155	1168.5	962.3897760472504	1374.6102239527497	0.176388723964698	3602.625	1939.2272693562984	5266.022730643702	0.4617182556174183	0.8145917377065096	0.547778515806194	1.0814049596068251	0.32754226387261265
138	5153.5	3363.531262322223	6943.4687376777765	0.3473306951931264	1171.25	981.2585795896905	1361.2414204103095	0.16221252543036033	3675.25	2000.9599512362029	5349.540048763797	0.45555813856575667	0.7940473972778723	0.5386940833478422	1.0494007112079025	0.32158447317556116
139	5081.25	3310.6465171705886	6851.853482829411	0.3484582500033282	1168.75	993.6755329459687	1343.8244670540314	0.14979633544729953	3750.0	2069.478817694252	5430.521182305748	0.4481389819481994	0.7776034082884851	0.5341940895934985	1.0210127269834717	0.31302501519474246
140	5011.875	3253.3361877726866	6770.413812227313	0.3508744356607684	1157.625	993.8886812111556	1321.3613187888443	0.14144158841493953	3830.5	2146.280296355807	5514.719703644193	0.43968664760323534	0.7771786928546032	0.5295462471824008	1.0248111385268055	0.31862999841470196
141	4942.5	3201.1997544738597	6683.80024552614	0.35231163288338707	1153.625	995.2286203101387	1312.0213796898613	0.13730317884049084	3903.875	2213.152630441413	5594.597369558587	0.43308824425950804	0.7656249216025759	0.5232609686886809	1.007988874516471	0.31655703213864606
142	4870.0	3150.1857984745857	6589.814201525414	0.3531445999025491	1148.0	996.3542719581437	1299.6457280418563	0.13209558191799325	3982.0	2289.5305606838992	5674.469439316101	0.4250299948056507	0.7588970029614386	0.5198056511710805	0.9979883547517967	0.3150511213739857
143	4798.75	3100.709287448042	6496.790712551958	0.35385063038332026	1146.625	996.5139655826672	1296.7360344173328	0.13091554293455382	4054.625	2365.774590038504	5743.475409961497	0.4165244405984514	0.7508280499185742	0.5049773508206458	0.9966787490165027	0.32743941722021497
144	4725.5	3047.985146090234	6403.014853909766	0.35499203341652014	1142.375	988.7673883529264	1295.9826116470736	0.13446338693255153	4132.125	2443.614838690045	5820.635161309955	0.4086299812590265	0.7346768381326796	0.49464022477084146	0.9747134514945177	0.32672407908208545
145	4656.25	3001.7349501009917	6310.765049899008	0.3553320912534783	1132.0	978.6688529806437	1285.3311470193564	0.13545154330331832	4211.75	2525.1014777133296	5898.39852228667	0.4004626395884538	0.7231706950360756	0.48424554279346244	0.9620958472786887	0.3303855561109183
146	4587.125	2953.8819815447396	6220.36801845526	0.356049381356571	1124.75	965.3464679015918	1284.1535320984083	0.1417235226480624	4288.125	2596.914189847731	5979.335810152269	0.394394009072093	0.7157131199515332	0.47721666038651606	0.9542095795165504	0.3332291289856021
147	4520.0	2915.195987921673	6124.804012078327	0.35504513541555915	1117.75	946.9351221170056	1288.5648778829946	0.15282028886870452	4362.25	2672.084483560279	6052.415516439722	0.3874526944672408	0.7076870941915786	0.47755227938931355	0.9378219089938437	0.3251928948416926
148	4451.125	2876.195383654999	6026.054616345001	0.35382731699177195	1118.625	925.332883378619	1311.917116621381	0.17279438294458016	4430.25	2743.5303816562773	6116.969618343723	0.3807278637421642	0.6951937045962348	0.4746378525681365	0.915749556624333	0.3172581261451383
149	4384.25	2839.9691383814115	5928.5308616185885	0.3522337598491391	1112.625	907.1873324011802	1318.0626675988196	0.1846423256702121	4503.125	2820.5877607538437	6185.662239246156	0.373637693656329	0.6808102508009047	0.4726886333264966	0.8889318682753129	0.3056969504051592
150	4319.5	2805.3027343127783	5833.697265687222	0.3505491991404611	1102.875	886.8312591140194	1318.9187408859807	0.19589141188800238	4577.625	2903.077751489096	6252.172248510904	0.36581136473846243	0.6701394531200338	0.46960539288085357	0.870673513359214	0.29924228353596277
151	4254.75	2773.774678267826	5735.725321732174	0.34807575573939104	1095.0	864.8821905240069	1325.117809475993	0.2101532506630074	4650.25	2989.087533838816	6311.412466161184	0.3572200346564559	0.6611063362079692	0.4633899646925507	0.8588227077233876	0.2990689404816434
152	4190.0	2739.2471354669315	5640.7528645330685	0.3462417337787754	1085.625	841.0039406064823	1330.2460593935177	0.22532740070790352	4724.375	3075.77505709347	6372.9749429065305	0.34895619905416697	0.6500310422966818	0.4519455449303046	0.8481165396630591	0.30473236580595287
153	4122.5	2708.629612389163	5536.3703876108375	0.34296431476308964	1074.5	813.2457073780517	1335.7542926219483	0.24314033747970992	4803.0	3168.4802269368947	6437.519773063105	0.3403122575605049	0.641317702973519	0.4507236634616093	0.8319117424854287	0.2971912963390933
154	4062.0	2682.5863260442575	5441.4136739557425	0.33958977694626846	1062.625	774.6875427797148	1350.562457220285	0.27096808113895793	4875.375	3250.671823487482	6500.0781765125175	0.3332468120939452	0.635196198240584	0.4531698912382838	0.8172225052428843	0.2865670599202119
155	4002.375	2656.690988650518	5348.059011349482	0.3362213713981028	1053.0	751.8043077888249	1354.1956922111751	0.2860357950723411	4944.625	3335.8596864126985	6553.3903135873015	0.3253563846777665	0.6268364093123977	0.4525836109936167	0.8010892076311786	0.2779876786511587
156	3939.5	2630.8928802188493	5248.107119781151	0.3321759410537252	1044.375	725.9935519220192	1362.7564480779808	0.30485357087059806	5016.125	3421.6695934848253	6610.580406515175	0.31786596357052	0.6141527187891316	0.45011753674350286	0.7781879008347603	0.26709184381539797
157	3884.875	2607.4435957190417	5162.306404280958	0.32882175212354536	1031.625	703.6106363767024	1359.6393636232976	0.3179589129996827	5083.5	3507.7831424146243	6659.216857585376	0.3099669238881432	0.6070736161179354	0.4472725798880588	0.766874652347812	0.263231726741411
158	3826.5	2583.2883390907436	5069.711660909256	0.324895246546258	1022.125	683.88942087472	1360.3605791252799	0.33091410456184905	5151.375	3595.737455090855	6707.012544909145	0.301984915660216	0.6016338835865984	0.44382630842304316	0.7594414587501537	0.26229835032361615
159	3768.0	2558.7983605957133	4977.201639404287	0.32091338625379157	1012.0	662.245659823625	1361.754340176375	0.34560705551025195	5220.0	3686.9333306233902	6753.06666937661	0.2936909328307681	0.5947167880201536	0.440593168463728	0.7488404075765792	0.2591546474911394
160	3708.25	2539.39572841285	4877.10427158715	0.31520374073677604	1007.125	635.771578694834	1378.478421305166	0.36872624679673927	5284.625	3768.6715022226026	6800.578497777397	0.2868611297447591	0.5829930292018919	0.4384261167700589	0.7275599416337248	0.24797365524205803
161	3654.75	2518.7183899102038	4790.781610089796	0.31083702307676203	991.25	612.3134303739157	1370.1865696260843	0.3822815330401859	5354.0	3861.6833522993097	6846.316647700691	0.278729295424111	0.5799591333631327	0.4369160295477813	0.723002237178484	0.24664341948691593
162	3600.375	2498.548455439238	4702.201544560762	0.3060310508101968	977.375	584.6604727191245	1370.0895272808755	0.4018053738645611	5422.25	3951.69950268503	6892.80049731497	0.27120669414264736	0.5782997270284932	0.43903701835666253	0.7175624357003239	0.24081406606814657
163	3545.5	2478.7834492732127	4612.216550726787	0.30086491347533134	963.125	564.5676908428654	1361.6823091571346	0.4138168037971547	5491.375	4049.027657644924	6933.722342355076	0.26265686505749036	0.5723545302114262	0.434967650196148	0.7097414102267045	0.24003807563911111
164	3491.75	2461.964501390844	4521.535498609156	0.29491959579269883	952.5	542.4959938464717	1362.5040061535283	0.43045040016118463	5555.75	4135.741402386678	6975.758597613322	0.255592601829334	0.5631609026155993	0.43150429615387415	0.6948175090773243	0.23378151048882542
165	3437.375	2444.9064444349806	4429.843555565019	0.28872862447798664	941.625	521.2262961519725	1362.0237038480275	0.4464608563366813	5621.0	4224.984452678197	7017.015547321803	0.24835715127589453	0.5529694903971075	0.4306871101336946	0.6752518706605204	0.22113766199939436
166	3387.125	2424.2278226334247	4350.022177366575	0.28428155954284984	929.125	504.58475700212557	1353.6652429978744	0.45692478729759123	5683.75	4311.928152771106	7055.571847228894	0.24135858319399922	0.5396629683124747	0.42059049821142624	0.6587354384135232	0.2206422843379228
167	3338.375	2411.184244067895	4265.565755932104	0.27773714934125276	909.0	481.13904007071693	1336.8609599292831	0.47069412533474486	5752.625	4412.965490077824	7092.284509922176	0.2328779487489931	0.533424965923267	0.42305293672882116	0.6437969951177129	0.20691200495914328
168	3292.25	2396.008416448493	4188.491583551508	0.2722276812366944	896.25	462.88030261981925	1329.6196973801807	0.4835366219025727	5811.5	4495.072336050276	7127.927663949724	0.22652115012470514	0.5251439083414726	0.4205546290152123	0.6297331876677329	0.19916308209035072
169	3247.25	2378.5931983461755	4115.906801653824	0.26750536658828994	882.375	450.79221986488875	1313.9577801351113	0.4891149229467191	5870.375	4584.226830416755	7156.523169583245	0.21909131351629926	0.5154401322909978	0.40836571327774235	0.6225145513042534	0.20773395842760134
170	3201.125	2364.715366963048	4037.534633036952	0.26128615191126625	870.375	437.686850274386	1303.063149725614	0.49712842134208124	5928.5	4671.698873869617	7185.301126130383	0.21199310552928777	0.5043471849525715	0.4016788260645121	0.6070155438406308	0.2035668324345148
171	3161.75	2354.0508392908628	3969.4491607091372	0.25545952738487776	850.375	413.0736207421959	1287.676379257804	0.5142453379483217	5987.875	4754.698722318871	7221.051277681129	0.2059455612685851	0.5028689870820705	0.4048758684800603	0.6008621056840807	0.1948680891431018
172	3122.875	2340.7901229007957	3904.9598770992043	0.2504374581432827	833.25	397.0613419571254	1269.4386580428745	0.523478737525202	6043.875	4836.4156291804575	7251.3343708195425	0.1997823202530732	0.5006369760512626	0.4021576074812014	0.5991163446213238	0.19670814039108736
173	3083.5	2328.8624840557113	3838.1375159442887	0.2447340735995748	817.125	377.3595048307076	1256.8904951692925	0.5381863180900014	6099.375	4914.863123166011	7283.886876833989	0.19420217265440956	0.49545519762093226	0.4003502339365408	0.5905601613053237	0.1919547199041704
174	3042.75	2318.2109565203923	3767.2890434796077	0.23811980724003215	802.875	362.05975878483514	1243.6902412151649	0.5490459177520347	6154.375	4998.682764970644	7310.067235029356	0.18778385051761656	0.4869654256106928	0.3943386863851893	0.5795921648361962	0.19021214721628799
175	3004.125	2307.599013288349	3700.650986711651	0.23185652618038569	784.0	347.63712016989365	1220.3628798301063	0.556585305905748	6211.875	5087.255768012254	7336.494231987746	0.18104344211494056	0.47910885654899854	0.3874914951314097	0.5707262179665874	0.19122452061835163
176	2969.5	2300.9135068246715	3638.0864931753285	0.2251512016081255	768.25	331.77484262916346	1204.7251573708365	0.5681420857414078	6262.25	5165.588946494522	7358.911053505478	0.17512252840520223	0.4733254416594034	0.3879559211811393	0.5586949621376675	0.18036114893586155
177	2935.75	2289.155623527735	3582.344376472265	0.22024844638414895	749.75	318.1182195268563	1181.3817804731436	0.5757009409445064	6314.5	5243.80452892899	7385.19547107101	0.16956140170575812	0.4692768931802668	0.38719299110762284	0.5513607952529107	0.1749157123768983
178	2903.5	2282.8049548738627	3524.1950451261373	0.21377477014848884	725.0	299.84739845866994	1150.1526015413301	0.5864173814363173	6371.5	5332.09594863624	7410.90405136376	0.16313333616318926	0.4754169390586073	0.39605264123530665	0.554781236881908	0.1669362012646272
179	2870.75	2276.1927930247666	3465.3072069752334	0.20710866741277842	709.0	282.5700867687005	1135.4299132312995	0.6014526279708032	6420.25	5405.300360206633	7435.199639793367	0.15808568821983057	0.468896709868877	0.39629463617008504	0.5414987835676689	0.15483596316786805
180	2836.625	2272.998968989249	3400.251031010751	0.19869599647847394	693.25	265.60384708005296	1120.896152919947	0.6168714791488598	6470.125	5484.049201942026	7456.200798057974	0.1524044431997796	0.4615209205575026	0.3941192600885918	0.5289225810264133	0.14604248142747614
181	2807.625	2267.659592987914	3347.590407012086	0.1923210567693642	675.75	250.5824270056046	1100.9175729943954	0.6291787983638852	6516.625	5555.859084236481	7477.390915763519	0.14743305250241018	0.4562600067024811	0.3928554572872949	0.5196645561176674	0.13896582756272832
182	2779.5	2262.8379110316996	3296.1620889683004	0.18588310450379583	657.5	238.41484244312824	1076.5851575568718	0.6373918746112118	6563.0	5631.328828428641	7494.671171571359	0.141958124572811	0.4505661367928011	0.3868399546711985	0.5142923189144036	0.14143580024725186
183	2752.0	2257.389221720746	3246.610778279254	0.1797277537351941	638.125	225.4599733003903	1050.7900266996098	0.6466836853274981	6609.875	5706.242570747066	7513.507429252934	0.1367094580839932	0.4485206252301203	0.3805806768665567	0.5164605735936839	0.15147563911627462
184	2723.125	2251.032631162176	3195.217368837824	0.1733641932844889	623.375	216.22878016487311	1030.5212198351269	0.6531320951836805	6653.5	5777.695331492382	7529.304668507618	0.13163067085107352	0.4371161253847512	0.3715835437895343	0.5026487069799681	0.14992030215662916
185	2699.5	2245.2793071361066	3153.7206928638934	0.16826104569879363	605.5	207.72670262719356	1003.2732973728064	0.656933604249061	6695.0	5847.110023825008	7542.889976174992	0.1266452540963393	0.43476448569593273	0.3715886421660853	0.4979403292257802	0.14531049708147414
186	2677.25	2240.2656950182127	3114.2343049817873	0.1632213297158604	581.5	193.5620980271159	969.4379019728841	0.6671331074340225	6741.25	5920.998770152077	7561.501229847923	0.1216764294230184	0.4394098473177752	0.3839772529237303	0.4948424417118201	0.12615237171495802
187	2652.25	2234.3098306712877	3070.1901693287123	0.15757947754876508	564.375	187.46452838116357	941.2854716188365	0.6678369375306071	6783.375	5993.554478201611	7573.195521798389	0.11643474255785488	0.4380980765131798	0.38076937049721843	0.49542678252914113	0.13085815503286433
188	2633.125	2232.475064678696	3033.774935321304	0.1521575828421758	544.875	176.90517829370617	912.8448217062938	0.6753288767263939	6822.0	6057.911505915614	7586.088494084386	0.11200359045505515	0.4479314846988983	0.3921070431685601	0.5037559262292365	0.12462718839213473
189	2609.125	2224.721983561632	2993.528016438368	0.14733024153245547	533.125	173.77645010221755	892.4735498977825	0.6740418286476576	6857.75	6119.070651763345	7596.429348236655	0.10771453439344611	0.43239507047007114	0.37026019301096685	0.49452994792917543	0.14369931967900412
190	2591.0	2219.2586448859806	2962.7413551140194	0.14347408533925876	512.625	167.14846704933024	858.1015329506697	0.673936177421448	6896.375	6184.188642503959	7608.561357496041	0.1032696681221716	0.4333249430513717	0.36939177214676366	0.49725811395597974	0.14754094341859425
191	2568.875	2214.817161050827	2922.932838949173	0.1378260284946418	497.75	159.163517355227	836.336482644773	0.680234018372221	6933.375	6245.353808075202	7621.396191924798	0.09923322940484215	0.42483032791603337	0.36251109683922306	0.4871495589928437	0.1466920485232578
192	2550.0	2212.855895829879	2887.144104170121	0.13221337418436122	483.125	151.4528244536345	814.7971755463655	0.6865142055293465	6966.875	6302.51605690942	7631.23394309058	0.09535967605139753	0.424596267933366	0.359134642867612	0.49005789299912006	0.15417381171147568
193	2535.25	2210.087833236865	2860.412166763135	0.12825645074968334	463.125	141.06469071402267	785.1853092859774	0.695406875651233	7001.625	6359.216735529537	7644.033264470463	0.09175130979886291	0.4300409581346445	0.3636036233809135	0.49647829288837547	0.1544907141912972
194	2518.25	2208.215917716494	2828.284082283506	0.12311489418584567	447.625	131.63407300066098	763.6159269993391	0.7059277900013159	7034.125	6413.183007886932	7655.066992113068	0.08827565505490281	0.43081262582533414	0.36962771225541247	0.4919975393952558	0.14202209940506272
195	2501.375	2205.3625559071297	2797.3874440928703	0.11833989069726455	433.75	126.12229396149343	741.3777060385066	0.7092281407227817	7064.875	6465.594277123498	7664.155722876502	0.08482538231412474	0.42590683255322576	0.3728831970075903	0.4789304680988612	0.12449585564939028
196	2485.25	2203.838513503008	2766.661486496992	0.11323266733607973	420.75	118.94305632276422	722.5569436772357	0.7173070556797048	7094.0	6515.288709118543	7672.711290881457	0.08157757131117245	0.4275438354381367	0.37868536479462067	0.4764023060816527	0.11427710235477265
197	2467.625	2200.508816193398	2734.741183806602	0.1082482888634221	413.125	114.99023450803884	711.2597654919612	0.7216575261530074	7119.25	6559.443044309618	7679.056955690382	0.07863285538369662	0.41528961577038714	0.36822750658105335	0.46235172495972093	0.11332358768959526
198	2455.25	2196.3410944251677	2714.1589055748323	0.10545113759284484	399.125	112.27758835121705	685.972411648783	0.7186906649515389	7145.625	6605.0401158652185	7686.2098841347815	0.07565256840861112	0.404457142782727	0.3487902074839278	0.46012407808152617	0.1376337055535777
199	2444.625	2194.3236560180126	2694.9263439819874	0.1023884415736514	383.75	106.92344874486577	660.5765512551343	0.7213721205345518	7171.625	6649.367582137006	7693.882417862994	0.07282274489575154	0.40755680910311787	0.3506045809944457	0.46450903721179004	0.13974058790479543
200	2433.875	2191.4345183360515	2676.3154816639485	0.09961090099694875	370.0	102.2252264555787	637.7747735444214	0.7237156041741116	7196.125	6690.905161098668	7701.344838901332	0.0702072071985037	0.4048231362142667	0.3463865809263693	0.46325969150216406	0.14435082894315557
201	2422.375	2186.583247765009	2658.166752234991	0.09733907930646205	354.375	99.73091735008254	609.0190826499174	0.718572367266081	7223.25	6737.413679659115	7709.086320340885	0.06726007272915724	0.4065190062499252	0.35268611100822167	0.46035190149162875	0.13242405499881452
202	2410.25	2183.1300915523925	2637.3699084476075	0.0942308509273344	338.75	93.85691816302997	583.64308183697	0.7229316068988045	7251.0	6783.507403747607	7718.492596252393	0.06447284460797036	0.4129551482631512	0.3530859803066126	0.47282431621968984	0.14497741027891883
203	2398.875	2180.7257398609086	2617.0242601390914	0.09093815231685322	326.875	88.87321664753082	564.8767833524691	0.7281125303326017	7274.25	6822.899401102195	7725.600598897805	0.06204771610788811	0.4154412192125251	0.3683079663057129	0.4625744721193373	0.11345348205012964
204	2387.875	2178.091836901322	2597.658163098678	0.08785349446628406	316.75	86.66310771753905	546.8368922824609	0.7263990285160566	7295.375	6860.068947458023	7730.681052541977	0.059668769945613126	0.41133345525208476	0.36191208193432295	0.46075482856984656	0.12014917018474472
205	2375.5	2177.0012976849875	2573.9987023150125	0.08356080922543146	311.75	82.37546216613427	541.1245378338657	0.7357643555216222	7312.75	6890.047431048717	7735.452568951283	0.057803503326557475	0.4094156216847151	0.3628506117476022	0.45598063162182806	0.11373530337093964
206	2366.875	2175.748299747175	2558.001700252825	0.08075065233813566	298.125	75.99841143250572	520.2515885674943	0.7450787037903372	7335.0	6926.875953275867	7743.124046724133	0.05564063350022264	0.4180014741751945	0.367961476452094	0.46804147189829504	0.11971249101893727
207	2357.375	2174.159702362976	2540.590297637024	0.07772004778069849	289.625	71.77459491681665	507.4754050831833	0.7521809411590276	7353.0	6957.55415055913	7748.44584944087	0.053780205282316064	0.4114804582154674	0.3639026952086026	0.45905822122233225	0.11562581419589858
208	2349.625	2171.9542209260717	2527.2957790739283	0.07561665332720247	275.0	70.42827465415476	479.57172534584527	0.7438971830758009	7375.375	6998.515924389333	7752.234075610667	0.051096937526656894	0.42010306929467117	0.3732513600467061	0.46695477854263623	0.11152432027365654
209	2342.375	2169.7441624344497	2515.0058375655503	0.07369906081031019	261.75	66.14266960716566	457.35733039283434	0.7473059422839898	7395.875	7032.806865355882	7758.943134644118	0.04909062614553619	0.42721452479420485	0.37943042747719724	0.47499862211121247	0.11185035747561696
210	2335.875	2168.618609880082	2503.131390119918	0.07160331358480994	248.625	62.09411722452097	435.15588277547903	0.7502499055826205	7415.5	7067.300117899154	7763.699882100846	0.046955684997754155	0.437748177222403	0.3832775556980579	0.4922187987467481	0.12443369123766948
211	2328.0	2166.8346432952017	2489.1653567047983	0.0692291051137449	239.625	57.070856884109105	422.1791431158909	0.7618326264617252	7432.375	7094.525320355764	7770.224679644236	0.04545648997046514	0.44284106683331825	0.38847928383465463	0.4972028498319819	0.12275686938294939
212	2319.875	2165.3732944762805	2474.3767055237195	0.06659915104206884	231.75	54.62415785916127	408.8758421408387	0.7642970534664023	7448.375	7122.167044392675	7774.582955607325	0.04379585555336902	0.44110883059948647	0.37561912665583475	0.5065985345431382	0.14846609136037536
213	2312.25	2162.8157494862585	2461.6842505137415	0.06462720316304096	221.375	53.77897948849545	388.97102051150455	0.7570684156363842	7466.375	7154.926087986684	7777.823912013316	0.04171353729397676	0.43943927691687135	0.37307095303057297	0.5058076008031697	0.15102956738856377
214	2305.625	2162.577839929452	2448.672160070548	0.06204268260040045	213.375	50.14621606113019	376.6037839388698	0.7649855134803506	7481.0	7180.235238491419	7781.764761508581	0.04020381787308923	0.4386413177559248	0.3808578561661292	0.4964247793457204	0.1317328287390115
215	2299.25	2162.0510231152603	2436.4489768847397	0.059671187076107315	204.625	47.92200316057057	361.32799683942943	0.7658057267656906	7496.125	7207.929836646558	7784.320163353442	0.038445885487961004	0.44206029533889035	0.3950815842202408	0.4890390064575399	0.10627217964154624
216	2292.875	2159.7983271010257	2425.9516728989743	0.05803921840439375	195.5	42.565940171695786	348.4340598283042	0.7822714057713771	7511.625	7231.3917500395455	7791.8582499604545	0.03730660808552807	0.4491836198883384	0.3860912981205106	0.5122759416561662	0.14045997889128675
217	2286.25	2157.3611279872575	2415.1388720127425	0.056375668458279835	189.875	38.61729242668835	341.1327075733117	0.796617288075374	7523.875	7249.74483165171	7798.00516834829	0.03643470530122975	0.4367525168408626	0.3824808292514806	0.4910242044302446	0.12426187714255744
218	2279.25	2155.2426231161944	2403.2573768838056	0.05440709745916658	184.0	37.174160381216495	330.8258396187835	0.7979665196673017	7536.75	7271.483484390428	7802.016515609572	0.03519640635679461	0.42863801535193913	0.37617540797467636	0.4811006227292019	0.1223937343359236
219	2274.0	2156.5831649923102	2391.4168350076898	0.051634492087814336	174.625	33.90009837845278	315.34990162154725	0.8058691574605424	7551.375	7298.569865317924	7804.180134682076	0.03347802680731327	0.4448350858952656	0.4001836594039742	0.489486512386557	0.10037748349239779
220	2267.875	2154.607772788808	2381.142227211192	0.049944210863117434	168.625	33.16975300208986	304.08024699791014	0.8032927916851602	7563.5	7320.4620276839505	7806.5379723160495	0.03213300354545512	0.4426617229843445	0.4013001907638805	0.48402325520480843	0.09343823979541772
221	2262.875	2152.71454226385	2373.03545773615	0.04868163629725449	159.75	32.18409444112906	287.31590555887095	0.7985346200868291	7577.375	7345.684941518512	7809.065058481488	0.030576559624076755	0.44994603184856463	0.4093828640987961	0.49050919959833317	0.09015118453899518
222	2258.75	2152.1621333069406	2365.3378666930594	0.04718887291336327	152.5	30.352630788184783	274.6473692118152	0.8009663554873129	7588.75	7365.934347695184	7811.565652304816	0.02936131145509013	0.4595259483833598	0.4142490370013908	0.5048028597653288	0.09852960761248833
223	2254.625	2150.035057123472	2359.214942876528	0.04638906375850873	146.625	29.810974283312575	263.4390257166874	0.7966855973857625	7598.75	7383.809803842304	7813.690196157696	0.028286257102509794	0.45944566155542754	0.3999029429061211	0.5189883802047339	0.12959686777262822
224	2249.125	2148.9713908918475	2349.2786091081525	0.04453003239399884	140.75	29.116272286583808	252.3837277134162	0.7931348327773797	7610.125	7404.4097581900605	7815.8402418099395	0.0270317822387857	0.45578480590447623	0.39534253108027007	0.5162270807286824	0.13261142987042382
225	2242.375	2147.1179325229887	2337.6320674770113	0.04248043591148284	138.0	27.876200121750514	248.12379987824949	0.7979985498423876	7619.625	7421.177643015585	7818.072356984415	0.026044241938995034	0.4477757743024906	0.3762387529881917	0.5193127956167896	0.15976081203976156
226	2237.0	2146.5881790619983	2327.4118209380017	0.04041654936879826	135.125	25.61361005127293	244.63638994872707	0.8104450690007554	7627.875	7434.8943627019835	7820.8556372980165	0.025299396922211795	0.44077128000394256	0.37281593866110363	0.5087266213467815	0.15417370510671907
227	2233.875	2145.8475292223134	2321.9024707776866	0.039405728063426335	128.125	24.872971120480344	231.37702887951966	0.805869493693812	7638.0	7453.470007008454	7822.529992991546	0.024159464911173864	0.4558313570121311	0.36943168678387395	0.5422310272403883	0.18954305994784335
228	2229.5	2144.063266263238	2314.936733736762	0.03832102881218301	124.25	24.789357091908045	223.71064290809196	0.8004880716949051	7646.25	7468.778941167667	7823.721058832333	0.023210208773233067	0.44732335202049706	0.3757754502314121	0.518871253809582	0.15994671743809716
229	2225.75	2142.219896366759	2309.280103633241	0.03752896939604233	119.625	24.043546674655303	215.20645332534468	0.7990090142139578	7654.625	7483.416489445154	7825.833510554846	0.022366675121883246	0.45045116699811677	0.3589386617109605	0.5419636722852731	0.20315743856767246
230	2223.125	2142.2073085047136	2304.0426914952864	0.03639817441452297	115.625	21.842617378525432	209.40738262147457	0.8110908767262666	7661.25	7495.008968793701	7827.491031206299	0.021698943541367196	0.4638214293682754	0.38091983696768555	0.5467230217688652	0.17873601164461456
231	2219.5	2140.421334515489	2298.578665484511	0.035629045048214014	112.375	21.910254250157166	202.83974574984285	0.8050255461610041	7668.125	7507.089526549912	7829.160473450088	0.02100063228626136	0.4483217762528168	0.37975466051462364	0.51688889199101	0.15294174713370803
232	2215.375	2139.313585398654	2291.436414601346	0.034333426440826355	109.75	21.039721373775507	198.4602786262245	0.808294110489517	7674.875	7518.640070313054	7831.109929686946	0.020356674172145633	0.44312157649634093	0.33385765468822476	0.552385498304457	0.24657775112654304
233	2212.0	2137.1986494425378	2286.8013505574622	0.033816162096501845	105.25	20.441103325500336	190.05889667449966	0.8057852415629422	7682.75	7532.36197572566	7833.13802427434	0.019574764800929352	0.4468223190573356	0.32814328503826873	0.5655013530764025	0.26560677244020603
234	2208.75	2136.241320447517	2281.258679552483	0.03282792509450283	101.875	19.25752223154288	184.49247776845712	0.8109691069296404	7689.375	7543.513947684782	7835.236052315218	0.018969168796582066	0.4496806921149027	0.32408184878526025	0.5752795354445451	0.27930672926813005
235	2204.75	2135.661294064411	2273.838705935589	0.031336299324453684	97.5	19.09465885377226	175.90534114622773	0.8041573450895153	7697.75	7559.133402081569	7836.366597918431	0.018007417481527833	0.4331917496329115	0.33019216121823386	0.5361913380475891	0.2377690445442692
236	2202.5	2135.023810827971	2269.976189172029	0.030636181235881594	92.5	19.219807759848507	165.7801922401515	0.7922182944881242	7705.0	7573.443439359603	7836.556560640397	0.017074180485450622	0.4320457047828894	0.34302465957142037	0.5210667499943584	0.20604543506850428
237	2199.75	2134.163639200494	2265.336360799506	0.0298153702918542	90.0	20.340985797684297	159.6590142023157	0.7739890466923967	7710.25	7583.967149129893	7836.532850870107	0.016378567604177136	0.4130684685197521	0.3415933815017903	0.4845435555377139	0.17303447845848827
238	2196.625	2133.1268071002673	2260.1231928997327	0.028907161167578795	87.375	19.322783286790695	155.4272167132093	0.778852265673354	7716.0	7593.412826215585	7838.587173784415	0.015887399401816413	0.4156606079907668	0.32423274899054233	0.5070884669909913	0.2199579590718767
239	2193.5	2131.10412466308	2255.89587533692	0.028445805943432947	86.25	20.285656071926567	152.21434392807345	0.7648039875718659	7720.25	7601.267240975944	7839.232759024056	0.01541177539899035	0.38654898098939716	0.2789509817745442	0.49414698020425013	0.2783554077401754
240	2191.875	2130.0491069251952	2253.7008930748048	0.028206851702220644	81.125	17.536455913210048	144.71354408678997	0.7838341335813862	7727.0	7611.5166596566605	7842.4833403433395	0.014945430353738737	0.4178943049921118	0.3074205867669432	0.5283680232172803	0.2643580372009469
241	2188.75	2127.667732951261	2249.832267048739	0.027907375007990388	77.875	17.311995943065007	138.438004056935	0.77769507617252	7733.375	7622.084193609086	7844.665806390914	0.014390975012968333	0.39659745327407103	0.3125511921873081	0.480643714360834	0.21191830757592445
242	2185.75	2126.0984489035777	2245.4015510964223	0.02729111339193512	75.5	16.74865470818832	134.25134529181167	0.7781635137988302	7738.75	7631.151476609855	7846.348523390145	0.013903863465048523	0.3872736988074467	0.3049386773230306	0.46960872029186285	0.21260163480751443
243	2182.625	2124.037139360191	2241.212860639809	0.0268428432001875	75.25	16.725549787495098	133.77445021250492	0.7777335576412612	7742.125	7637.205742361213	7847.044257638787	0.013551739043064616	0.3678185596460203	0.2721867763952529	0.46345034289678766	0.259997166382254
244	2179.875	2123.0318346718627	2236.7181653281373	0.026076341683875022	72.0	14.873748610258104	129.1262513897419	0.7934201581908596	7748.125	7646.73188721873	7849.51811278127	0.013086148297977974	0.3617888828122626	0.2811462520832324	0.44243151354129284	0.222899692500714
245	2178.125	2121.8680284444285	2234.3819715555715	0.025828164846173503	68.625	15.83366659746222	121.41633340253779	0.7692726178876179	7753.25	7656.487253071335	7850.012746928665	0.012480282066058099	0.34692472004558095	0.25357033456574785	0.44027910552541405	0.2690911891996848
246	2176.75	2120.723676190793	2232.776323809207	0.025738520183395886	64.5	15.163633441680496	113.8363665583195	0.7649049078809226	7758.75	7665.962168925014	7851.537831074986	0.011959121130979295	0.3602909599716875	0.26900147340899944	0.4515804465343755	0.2533771221178066
247	2175.375	2120.069401849663	2230.680598150337	0.025423477860293944	60.75	14.183559629995045	107.31644037000495	0.766525767407489	7763.875	7674.533636846879	7853.216363153121	0.011507316018498644	0.3542556889728008	0.25287899571259487	0.4556323822330067	0.2861681446927715
248	2172.75	2119.114657226841	2226.385342773159	0.024685464399106672	60.125	14.09623706590407	106.15376293409594	0.7655511506710342	7767.125	7679.755599450616	7854.494400549384	0.011248615227562932	0.32863571992221624	0.23192903061181258	0.4253424092326199	0.2942671275456389
249	2171.75	2118.4789050795744	2225.0210949204256	0.024529110127973205	57.125	11.791302321011692	102.4586976789883	0.7935877055402767	7771.125	7684.801827576347	7857.448172423653	0.011108195071325292	0.3490494240415557	0.25647914950093287	0.44161969858217853	0.2652067820905556
250	2169.875	2117.3519755123857	2222.3980244876143	0.024205553079147155	54.75	10.900153335128344	98.59984666487165	0.8009104413675189	7775.375	7691.257433007383	7859.492566992617	0.010818457886933641	0.34536006075643144	0.236409458633666	0.45431066287919686	0.31546960550138403
251	2168.25	2116.860208096076	2219.639791903924	0.023701045499330765	53.125	9.818891472045983	96.43110852795402	0.8151738075850168	7778.625	7696.718184261511	7860.531815738489	0.010529729320861827	0.3488731325479349	0.24993626903870433	0.4478099960571654	0.2835898046566733
252	2166.875	2116.0386474046963	2217.7113525953037	0.02346067613281959	50.625	8.125295663261788	93.1247043367382	0.839500332577545	7782.5	7702.511163934126	7862.488836065874	0.010278038684982197	0.37845913960355815	0.26389478064066224	0.49302349856645405	0.3027126233043384
253	2164.875	2114.960305049552	2214.789694950448	0.02305661756473144	49.375	7.421508798905428	91.32849120109458	0.8496909610348268	7785.75	7707.652489116459	7863.847510883541	0.010030826944551418	0.35868170509164155	0.24201345496214163	0.47534995522114143	0.32526958713908116
254	2163.0	2112.739316955392	2213.260683044608	0.023236561740456747	47.875	7.390673777729418	88.35932622227058	0.8456256129978189	7789.125	7712.977650832535	7865.272349167465	0.009776110817000036	0.3297905222223317	0.1817423507600204	0.47783869368464293	0.4489157858893928
255	2161.625	2111.90371435315	2211.34628564685	0.02300180912362236	45.875	7.834571614803927	83.91542838519607	0.8292191473612223	7792.5	7719.127213455923	7865.872786544077	0.009415821179862309	0.3191949113227739	0.16419379890784824	0.47419602373769953	0.4856001988646573
256	2159.875	2110.946216816886	2208.803783183114	0.02265352540453209	44.25	8.629649793576583	79.87035020642341	0.8049796656818852	7795.875	7726.439322760468	7865.310677239532	0.00890672018721849	0.29112912085609394	0.136617585953559	0.4456406557586289	0.5307319805321381
257	2159.125	2110.2942670072284	2207.9557329927716	0.02261598239693006	42.375	8.123093564921028	76.62690643507898	0.8083045766390318	7798.5	7729.84004354826	7867.15995645174	0.008804251644770214	0.2889757092177109	0.13433544097801434	0.44361597745740744	0.5351324118498568
258	2157.875	2109.0790403620435	2206.6709596379565	0.022612968609375627	39.875	7.377735015564106	72.3722649844359	0.8149784322115585	7802.25	7735.230003358916	7869.269996641084	0.008589829426265962	0.2806370139148777	0.1280586895426735	0.4332153382870819	0.5436856751137039
259	2155.625	2107.882971392037	2203.367028607963	0.022147650267538822	39.375	6.213192236500738	72.53680776349927	0.8422046416126796	7805.0	7739.287023385454	7870.712976614546	0.008419343576495352	0.26942870082815734	0.1223041012801484	0.4165533003761663	0.5460613479402314
260	2154.0	2106.8407126673083	2201.1592873326917	0.02189381956020962	37.75	4.900349908827991	70.59965009117201	0.8701894063886625	7808.25	7744.037513087639	7872.462486912361	0.008223672002351506	0.28491494918125354	0.1252660873359357	0.4445638110265714	0.5603386635348309
261	2152.75	2106.430797787081	2199.069202212919	0.021516294141409528	36.25	4.119469617441062	68.38053038255893	0.8863594588292121	7811.0	7746.76535885493	7875.23464114507	0.008223613000264978	0.2727209327787059	0.11590143079376358	0.4295404347636482	0.5750182077596165
262	2151.625	2105.908582303293	2197.341417696707	0.021247391016885997	35.625	3.5218665968332488	67.72813340316675	0.901140586755558	7812.75	7749.175098564486	7876.324901435514	0.008137326989282176	0.2663954173981075	0.12121013843934739	0.41158069635686767	0.5449991609344836
263	2150.625	2105.103378426902	2196.146621573098	0.021166694134541312	34.25	3.1361874337588844	65.36381256624111	0.908432483685872	7815.125	7752.850158864789	7877.399841135211	0.007968502248551577	0.2647345162147794	0.1317167093182732	0.3977523231112856	0.5024573629401189
264	2149.5	2104.430130624537	2194.569869375463	0.020967606129547803	33.125	3.239862128491655	63.01013787150835	0.9021928414040256	7817.375	7757.116939850587	7877.633060149413	0.007708221768741146	0.25211344162420546	0.1087613014762992	0.3954655817721117	0.5686017343001635
265	2148.5	2103.3946983318197	2193.6053016681803	0.02099385695516894	32.25	3.425025315644259	61.07497468435574	0.8937976646311858	7819.25	7759.747607343624	7878.752392656376	0.007609731452041603	0.22443997559868345	0.0831546998548777	0.36572525134248923	0.6295013861364657
266	2147.5	2102.7770665852217	2192.2229334147783	0.02082558016986188	31.0	2.6034041199441234	59.39659588005588	0.9160192219372864	7821.5	7762.779253483889	7880.220746516111	0.007507606791038954	0.1920116341991342	0.03533333460167093	0.34868993379659746	0.8159833660650639
267	2146.875	2102.475986187496	2191.274013812504	0.02068076334789123	29.25	2.446061392280818	56.05393860771918	0.9163739694946729	7823.875	7766.234685452007	7881.515314547993	0.007367233570065042	0.1952377769289534	0.03849997975400288	0.3519755741039039	0.8028046602476275
268	2146.125	2102.2007860780705	2190.0492139219295	0.02046675469598905	28.75	1.8345404671055547	55.665459532894445	0.9361898967963286	7825.125	7768.21512530298	7882.03487469702	0.0072727112598227305	0.21931809588626738	0.046471064838501136	0.3921651269340336	0.7881111239329753
269	2144.875	2100.635943575436	2189.114056424564	0.02062547067990619	27.375	1.5879795454176815	53.16202045458232	0.9419916147792627	7827.75	7772.187170095685	7883.312829904315	0.007098186567572377	0.20400305875657987	0.04609751873178056	0.36190859878137915	0.7740351590179589
270	2144.5	2100.214558454844	2188.785441545156	0.02065070717890245	25.625	1.3662406512478	49.8837593487522	0.9466832916586224	7829.875	7776.065531697033	7883.684468302967	0.0068723278855622105	0.20652173913043476	0.04520439237524426	0.36783908588562525	0.7811155737619752
271	2144.125	2100.316871236121	2187.933128763879	0.020431704664550205	24.0	1.5627541590337302	46.43724584096627	0.9348852433735946	7831.875	7779.67614919748	7884.07385080252	0.006664923891471677	0.2137574818393336	0.04514337116693529	0.3823715925117319	0.7888103341296546
272	2143.5	2099.715666800101	2187.284333199899	0.020426560858362024	23.5	1.367427387697866	45.632572612302134	0.9418116005234951	7833.0	7781.1262660195525	7884.8737339804475	0.006622460612849211	0.1966981976605395	0.018683902606828146	0.3747124927142509	0.9050123344847689
273	2142.875	2098.9871718969466	2186.7628281030534	0.020480815774626772	21.625	1.610634696073653	41.63936530392635	0.9255197828405247	7835.5	7785.576179248242	7885.423820751758	0.0063714913855859425	0.20582932692307693	0.014589698331717443	0.39706895551443644	0.9291174948205027
274	2142.5	2099.0567802364594	2185.9432197635406	0.02027688203665846	20.25	1.5306506598732135	38.96934934012678	0.9244123130926808	7837.25	7788.398184938291	7886.101815061709	0.006233285280131275	0.21310912834591625	0.01593182116063216	0.41028643553120037	0.9252410195457614
275	2142.0	2098.6280872928482	2185.3719127071518	0.02024832526010814	19.75	1.6434113163792112	37.856588683620785	0.9167893004364956	7838.25	7790.002827726234	7886.497172273766	0.00615535001738482	0.21505009107468123	0.013142959838802815	0.41695722231055965	0.9388841931053235
276	2141.5	2098.3658572407303	2184.6341427592697	0.02014202323570852	18.5	0.5637811718073458	36.43621882819265	0.9695253420644678	7840.0	7792.297593564269	7887.702406435731	0.0060844906168024005	0.21736111111111112	0.011267025202011116	0.4234551970202111	0.948164484693623
277	2140.125	2096.9343261509607	2183.3156738490393	0.020181379054512907	18.125	0.8498430397435257	35.400156960256474	0.9531121081520814	7841.75	7794.916302842021	7888.583697157979	0.005972352747534567	0.1855804464298749	0.01471571693201204	0.3564451759277377	0.9207043779929011
278	2139.375	2096.74861878748	2182.00138121252	0.01992468885189358	17.625	0.851295501378516	34.398704498621484	0.9516995460210771	7843.0	7797.340266435142	7888.659733564858	0.005821717909582726	0.16535784676028578	0.010753080453930391	0.3199626130666412	0.934970848589249
279	2139.0	2096.205153757273	2181.794846242727	0.02000694073993778	17.125	1.1157684577933011	33.1342315422067	0.9348456375011212	7843.875	7798.744386829156	7889.005613170844	0.0057536119801557565	0.15375	0.006286478584787369	0.3012135214152126	0.959112334407887
280	2138.75	2095.560915528111	2181.939084471889	0.020193610507019982	16.75	1.1430321042554539	32.356967895744546	0.9317592773578833	7844.5	7799.538815720819	7889.461184279181	0.005731555137890382	0.1466175359032502	0.0008954826558564	0.29233958915064395	0.9938923904951771
281	2138.5	2095.4005933557455	2181.5994066442545	0.020154036307811367	15.5	0.33266206445002666	30.667337935549973	0.9785379313258047	7846.0	7800.316218310652	7891.683781689348	0.005822556932111557	0.1556083544115459	0.009076957618373793	0.30213975120471803	0.9416679287387908
282	2138.375	2095.23637253228	2181.51362746772	0.020173555839233054	14.375	0.23704471388156634	28.512955286118434	0.9835099329473693	7847.25	7801.531807791048	7892.968192208952	0.005826014490293066	0.17330976162497902	0.009708058498518468	0.33691146475143957	0.9439843525979482
283	2137.875	2094.732900820107	2181.017099179893	0.0201798978798542	14.125	-0.4818875150871058	28.731887515087106	1.0341159302716536	7848.0	7801.987373592584	7894.012626407416	0.00586297482255558	0.16284355007181095	0.011813939506559346	0.31387316063706255	0.92745221102494
284	2137.5	2094.1672409803564	2180.8327590196436	0.020272635798663643	13.75	-0.20893881320280983	27.70893881320281	1.0151955500511134	7848.75	7802.931455185793	7894.568544814207	0.0058376868691456234	0.1450712481962482	-0.0003017085724705826	0.290444204964967	1.0020797268667767
285	2137.25	2093.671961962741	2180.828038037259	0.020389770984797665	13.0	-0.48783710018630977	26.48783710018631	1.0375259307835623	7849.75	7804.173987097777	7895.326012902223	0.005806046422143798	0.14493150918904146	0.0020119375587839827	0.28785108081929894	0.9861180113969578
286	2137.125	2093.4950106618935	2180.7549893381065	0.020415272545174664	11.875	-1.1874088800973404	24.93740888009734	1.099992326745039	7851.0	7805.559469494601	7896.440530505399	0.005787865304470637	0.16246867167919798	0.001849311067877557	0.3230880322905184	0.9886174297557556
287	2137.0	2093.316121133134	2180.683878866866	0.02044168407434079	10.5	-1.1186714656733017	22.1186714656733	1.1065401395879335	7852.5	7807.5166137618935	7897.4833862381065	0.005728543296797997	0.17931329423264908	-0.0002442916475916268	0.3588708801128898	1.0013623733178125
288	2137.0	2093.316121133134	2180.683878866866	0.02044168407434079	10.0	-0.9095353405137985	20.9095353405138	1.0909535340513798	7853.0	7808.156669617572	7897.843330382428	0.005710343866347651	0.1849296536796537	-0.0010032955499203466	0.37086260290922773	1.0054252821543608
289	2136.875	2093.3160119711583	2180.4339880288417	0.02038443429252603	9.25	-0.8095835564368219	19.30958355643682	1.0875225466418186	7853.875	7809.119845397211	7898.630154602789	0.0056984806357103	0.22923430735930733	0.019889996652072278	0.4385786180665424	0.9132328974611282
290	2136.625	2093.0946742945616	2180.1553257054384	0.020373404647721728	9.0	-0.7393489955902943	18.739348995590294	1.0821498883989216	7854.375	7809.558535792245	7899.191464207755	0.0057059236677336434	0.21571969696969695	0.007439070512345269	0.42400032342704863	0.965515107721525
291	2136.25	2092.8648521308114	2179.6351478691886	0.02030902182290874	8.625	-0.7479999539606883	17.997999953960687	1.0867246323432682	7855.125	7810.497191704537	7899.752808295463	0.00568136195101456	0.2077602057440767	-0.005601690669892745	0.42112210215804613	1.0269622888070924
292	2136.0	2092.6787635053615	2179.3212364946385	0.02028147775966231	8.75	-0.8525499664508462	18.352549966450844	1.0974342818800966	7855.25	7810.596889044159	7899.903110955841	0.005684492658520273	0.20409451659451658	-0.0036464367222809047	0.41183546991131403	1.0178664120091254
293	2135.75	2092.4893071129636	2179.0106928870364	0.02025550410255712	8.0	-0.7682613964461478	16.76826139644615	1.0960326745557685	7856.25	7811.776134047585	7900.723865952415	0.005660953502296221	0.21924603174603174	-0.006261521189054181	0.4447535846811177	1.0285593364641024
294	2135.625	2092.479429387285	2178.770570612715	0.020202784015318692	7.5	-0.5684836568853378	15.568483656885338	1.075797820918045	7856.875	7812.805543219998	7900.944456780002	0.005609031170790206	0.23110945767195767	-0.010497740409731698	0.4727166557536471	1.0454232402060863
295	2135.625	2092.479429387285	2178.770570612715	0.020202784015318692	7.5	-0.5684836568853378	15.568483656885338	1.075797820918045	7856.875	7812.805543219998	7900.944456780002	0.005609031170790206	0.23805390211640212	-0.01019354997889943	0.4863013542117037	1.0428203439988775
296	2135.5	2092.160328935806	2178.839671064194	0.020294858845326228	6.875	-0.5683031081128576	14.318303108112858	1.0826622702709612	7857.625	7813.831688511675	7901.418311488325	0.005573352188266188	0.23927083333333332	-0.006717837923202741	0.4852595045898694	1.0280762925828237
297	2135.375	2092.1485084316646	2178.6014915683354	0.020243044696287647	6.5	-0.5797836174686513	13.579783617468651	1.0891974796105617	7858.125	7814.405850217348	7901.844149782652	0.005563559981885198	0.2578125	-0.006484703633600819	0.5221097036336009	1.0251527898515427
298	2135.0	2091.632691774278	2178.367308225722	0.020312556546005472	6.25	-0.17548453612185178	12.675484536121852	1.0280775257794963	7858.75	7815.577101608094	7901.922898391906	0.005493608829891023	0.23532196969696967	-0.004195761983943613	0.47483970137788295	1.0178298778875028
299	2134.625	2091.4169912888915	2177.8330087111085	0.0202414984885441	6.25	-0.32904226951822224	12.829042269518222	1.0526467631229155	7859.125	7816.138244066054	7902.111755933946	0.00546966181781635	0.2265625	0.00351524302461359	0.4496097569753864	0.9844844445810159
300	2134.625	2091.4169912888915	2177.8330087111085	0.0202414984885441	5.875	-0.4988028894852805	12.24880288948528	1.0849026194868563	7859.5	7816.3612278720275	7902.6387721279725	0.005488742557156572	0.23660714285714285	0.009251234264035957	0.46396305145024974	0.9609004438652066
301	2134.125	2091.006050847828	2177.243949152172	0.020204509647828443	6.25	-0.698104873598524	13.198104873598524	1.1116967797757638	7859.625	7816.449355327859	7902.800644672141	0.005493346651035024	0.23539915966386554	0.020440575599807276	0.4503577437279238	0.9131663187370972
302	2133.875	2090.765314339774	2176.984685660226	0.02020253560317556	6.125	-0.43409277767974874	12.684092777679748	1.0708722902334284	7860.0	7817.058416161049	7902.941583838951	0.00546330583192765	0.2046875	0.005784167323543227	0.4035908326764568	0.9717414726178041
303	2133.75	2090.445476612474	2177.054523387526	0.020295031464569936	6.0	-0.3512441564910711	12.35124415649107	1.058540692748512	7860.25	7817.248584236416	7903.251415763584	0.005470744030226017	0.20200892857142858	0.00439274587177968	0.39962511127107747	0.9782546944689802
304	2133.5	2090.100470663048	2176.899529336952	0.020341940162621176	5.75	-0.42185048973763983	11.92185048973764	1.0733653025630678	7860.75	7817.718409429457	7903.781590570543	0.005474234719402453	0.1970486111111111	0.0066596196898338345	0.38743760253238835	0.9662031635123851
305	2133.5	2090.100470663048	2176.899529336952	0.020341940162621176	5.625	-0.38600952741188266	11.636009527411883	1.0686239159843347	7860.875	7817.804706407998	7903.945293592002	0.005479071171084876	0.1933936403508772	0.008381929715100989	0.3784053509866534	0.9566587107006542
306	2133.25	2089.8878724003166	2176.6121275996834	0.020326791327637754	5.875	-0.4988028894852805	12.24880288948528	1.0849026194868563	7860.875	7817.804706407998	7903.945293592002	0.005479071171084876	0.17624484004127966	0.01082451627022038	0.3416651638123389	0.9385825067690771
307	2133.125	2089.699164909955	2176.550835090045	0.020357848269578743	5.75	-0.40565137915217786	11.905651379152179	1.0705480659395092	7861.125	7818.3104722338385	7903.9395277661615	0.0054463614007106325	0.20030345471521943	0.00538597063997745	0.3952209387904614	0.9731109448529736
308	2132.75	2088.9707980773264	2176.5292019226736	0.02052711378392861	5.75	-0.20782754948969373	11.707827549489693	1.0361439216503816	7861.5	7818.574695567351	7904.425304432649	0.005460192639146307	0.1634497549019608	-0.03219163344081846	0.35909114324474	1.196951249392374
309	2132.75	2088.9707980773264	2176.5292019226736	0.02052711378392861	5.25	-0.6064103095120075	11.106410309512007	1.1155067256213347	7862.0	7818.849656623161	7905.150343376839	0.005488469012571842	0.175	-0.03046697872640275	0.3804669787264027	1.17409702129373
310	2132.75	2088.9707980773264	2176.5292019226736	0.02052711378392861	5.0	-0.7052795076764546	10.705279507676455	1.141055901535291	7862.25	7819.125696299285	7905.374303700715	0.005484982505099043	0.1796875	-0.03301264097526954	0.39238764097526957	1.1837225236884565
311	2132.75	2088.9707980773264	2176.5292019226736	0.02052711378392861	4.625	-0.7548913708398679	10.004891370839868	1.1632197558572688	7862.625	7819.315433185219	7905.934566814781	0.005508283405959299	0.19166666666666665	-0.0341154961518928	0.4174488294852261	1.1779938929663971
312	2132.625	2088.77928064073	2176.47071935927	0.020559507348582074	4.625	-0.7548913708398679	10.004891370839868	1.1632197558572688	7862.75	7819.394780864663	7906.105219135337	0.005514001988532994	0.2	-0.03220149186534904	0.43220149186534906	1.1610074593267452
313	2132.5	2088.458731629077	2176.541268370923	0.020652411897267502	4.5	-0.7113780306425204	9.711378030642521	1.158084006809449	7863.0	7819.403063417868	7906.596936582132	0.005544567796277718	0.1923076923076923	-0.034253060778172695	0.4188684453935573	1.178115916046498
314	2132.5	2088.458731629077	2176.541268370923	0.020652411897267502	4.5	-0.7113780306425204	9.711378030642521	1.158084006809449	7863.0	7819.403063417868	7906.596936582132	0.005544567796277718	0.1923076923076923	-0.034253060778172695	0.4188684453935573	1.178115916046498
315	2132.5	2088.458731629077	2176.541268370923	0.020652411897267502	4.25	-0.8205695315854653	9.320569531585466	1.1930751839024625	7863.25	7819.67654466255	7906.82345533745	0.005541405314272077	0.19766483516483518	-0.03681205597236517	0.4321417263020355	1.186234723751785
316	2132.5	2088.458731629077	2176.541268370923	0.020652411897267502	3.625	-0.9308483244457211	8.180848324445721	1.2567857446746817	7863.875	7819.996273066107	7907.753726933893	0.005579784385419705	0.2275793650793651	-0.04859052599343816	0.5037492561521684	1.2135102449929627
317	2132.5	2088.458731629077	2176.541268370923	0.020652411897267502	3.5	-1.013185763260541	8.013185763260541	1.289481646645869	7864.0	7819.929268793474	7908.070731206526	0.005604111292793249	0.2400793650793651	-0.04379845872475993	0.5239571888834901	1.1824332495642893
318	2132.5	2088.458731629077	2176.541268370923	0.020652411897267502	3.375	-0.9097892787341548	7.659789278734155	1.269567193699009	7864.125	7820.175788301886	7908.074211698114	0.005588569827935547	0.23472222222222222	-0.043306515708605	0.5127509601530494	1.1845011320129917
319	2132.25	2088.402430421211	2176.097569578789	0.02056399089168201	3.375	-0.9097892787341548	7.659789278734155	1.269567193699009	7864.375	7820.6638443674055	7908.0861556325945	0.005558121990952132	0.22702991452991453	-0.04341781287820504	0.4974776419380341	1.191242695783529
320	2132.0	2087.7574171629285	2176.2425828370715	0.02075168050519304	3.375	-0.6946643681027762	7.444664368102776	1.2058264794378597	7864.625	7820.975562736108	7908.274437263892	0.005550097717804945	0.2375801282051282	-0.06293446906261646	0.5380947254728728	1.2648978664085846
321	2131.875	2087.72631564027	2176.02368435973	0.020708852235581377	3.125	-0.6254647703714444	6.875464770371444	1.2001487265188622	7865.0	7821.522318807076	7908.477681192924	0.005527995065851763	0.24195075757575757	-0.06397552442475374	0.5478770395762689	1.2644154747261838
322	2131.75	2087.5350717781716	2175.9649282218284	0.020741141419879622	3.0	-0.4901817326631073	6.490181732663107	1.1633939108877025	7865.25	7821.993923433413	7908.506076566587	0.0054996442028654	0.24652777777777776	-0.06588767579905316	0.5589432313546087	1.2672626849313706
323	2131.75	2087.5350717781716	2175.9649282218284	0.020741141419879622	2.75	-0.43347282465936265	5.933472824659363	1.1576264816943136	7865.5	7822.294157766298	7908.705842233702	0.005493082732655574	0.2857142857142857	-0.06972541170332897	0.6411539831319004	1.2440389409616515
324	2131.625	2087.211370985901	2176.038629014099	0.020835573336820096	2.75	-0.43347282465936265	5.933472824659363	1.1576264816943136	7865.625	7822.225614454135	7909.024385545865	0.005517601658592248	0.25396825396825395	-0.07599927341243928	0.5839357813489472	1.2992471390614797
325	2131.375	2086.853591875696	2175.896408124304	0.020888585126645397	3.0	-0.4901817326631073	6.490181732663107	1.1633939108877025	7865.625	7822.225614454135	7909.024385545865	0.005517601658592248	0.20882936507936506	-0.08059896062396832	0.49825769078269844	1.3859560679760574
326	2131.25	2086.6617820986285	2175.8382179013715	0.020921157959587867	2.875	-0.48212109843602713	6.232121098436027	1.1676942951081835	7865.875	7822.222131648614	7909.527868351386	0.005549651927012072	0.19895833333333335	-0.07318036048604232	0.471097027152709	1.3678175186733017
327	2131.0	2086.433620815669	2175.566379184331	0.020913364234786767	3.0	-0.4901817326631073	6.490181732663107	1.1633939108877025	7866.0	7822.453477763499	7909.546522236501	0.005536044016844733	0.18333333333333335	-0.07120505773929908	0.4378717244059658	1.3883912240325404
328	2130.875	2086.3973456403837	2175.3526543596163	0.02087295329834758	3.125	-0.544727823115414	6.794727823115414	1.1743129033969324	7866.0	7822.453477763499	7909.546522236501	0.005536044016844733	0.17083333333333334	-0.06014060030090629	0.40180726696757296	1.3520425383467685
329	2130.875	2086.3973456403837	2175.3526543596163	0.02087295329834758	2.875	-0.511732442278392	6.261732442278392	1.1779938929663971	7866.25	7822.612430660116	7909.887569339884	0.005547442471302626	0.1847222222222222	-0.06447850773864838	0.4339229521830928	1.3490565832468184
330	2130.875	2086.3973456403837	2175.3526543596163	0.02087295329834758	2.875	-0.511732442278392	6.261732442278392	1.1779938929663971	7866.25	7822.612430660116	7909.887569339884	0.005547442471302626	0.1847222222222222	-0.06447850773864838	0.4339229521830928	1.3490565832468184
331	2130.875	2086.3973456403837	2175.3526543596163	0.02087295329834758	2.875	-0.511732442278392	6.261732442278392	1.1779938929663971	7866.25	7822.612430660116	7909.887569339884	0.005547442471302626	0.16287878787878787	-0.05386574492187968	0.3796233206794554	1.330710619985494
332	2130.5	2085.994153189507	2175.005846810493	0.02088986003778136	3.125	-0.651993587473239	6.901993587473239	1.2086379479914364	7866.375	7822.540668326051	7910.209331673949	0.005572367408615657	0.11237373737373738	-0.06159656599195926	0.286344040739434	1.5481402277037273
333	2130.375	2085.7998000458188	2174.9501999541812	0.02092364018268197	3.125	-0.5987469607615235	6.848746960761524	1.1915990274436874	7866.5	7822.768148235624	7910.231851764376	0.005559251479613099	0.09848484848484848	-0.05635760086285607	0.25332729783255303	1.5722464087613077
334	2130.25	2085.7581770514907	2174.7418229485093	0.02088572841145834	3.125	-0.7304849575460541	6.980484957546054	1.2337551864147374	7866.625	7822.695103516233	7910.554896483767	0.005584338453118943	0.08295454545454545	-0.046244696098207166	0.21215378700729806	1.5574703091290727
335	2130.0	2085.236898282056	2174.763101717944	0.021015540712649765	3.25	-0.7656364633572048	7.265636463357205	1.2355804502637553	7866.75	7822.620967785903	7910.879032214097	0.005609563315739907	0.07045454545454546	-0.04457513749292409	0.185484228402015	1.6326793708673095
336	2130.0	2085.236898282056	2174.763101717944	0.021015540712649765	3.125	-0.7304849575460541	6.980484957546054	1.2337551864147374	7866.875	7822.687884928779	7911.062115071221	0.005616857401601187	0.07323232323232323	-0.04445306304321878	0.19091770950786524	1.6070142401763667
337	2130.0	2085.236898282056	2174.763101717944	0.021015540712649765	3.0	-0.6578047956547808	6.657804795654781	1.2192682652182603	7867.0	7822.9134123452495	7911.0865876547505	0.005603989787053567	0.07777777777777778	-0.04900621128169899	0.20456176683725455	1.6300798593361299
338	2130.0	2085.236898282056	2174.763101717944	0.021015540712649765	2.875	-0.7399015427413937	6.489901542741394	1.2573570583448326	7867.125	7822.838572065224	7911.411427934776	0.00562930269123419	0.07777777777777778	-0.04900621128169899	0.20456176683725455	1.6300798593361299
339	2130.0	2085.236898282056	2174.763101717944	0.021015540712649765	2.75	-0.6752088627524309	6.175208862752431	1.2455304955463384	7867.25	7823.062178794727	7911.437821205273	0.005616679424865575	0.07777777777777778	-0.04900621128169899	0.20456176683725455	1.6300798593361299
340	2129.75	2084.8671652150356	2174.6328347849644	0.021074226920983322	2.875	-0.599052436799262	6.349052436799262	1.2083660649736563	7867.375	7823.284024514515	7911.465975485485	0.005604280396636121	0.07777777777777778	-0.04900621128169899	0.20456176683725455	1.6300798593361299
341	2129.5	2084.6255083180677	2174.3744916819323	0.021072783133098162	2.5	-0.5635999416996738	5.563599941699674	1.2254399766798696	7868.0	7823.7777331539755	7912.2222668460245	0.005620521968228827	0.0625	-0.04921799486224329	0.1742179948622433	1.7874879177958927
342	2129.375	2084.4272809980307	2174.3227190019693	0.021108409275946913	2.375	-0.5871073569937115	5.3371073569937115	1.2472030976815627	7868.25	7824.209298415237	7912.290701584763	0.005597267700538632	0.078125	-0.06900276397894708	0.22525276397894708	1.8832353789305227
343	2129.25	2084.380514924525	2174.119485075475	0.02107290598824715	2.0	-0.4880778819233029	4.488077881923303	1.2440389409616515	7868.75	7824.31881099949	7913.18118900051	0.005646537124766948	0.06666666666666667	-0.04074798903142421	0.17408132236475754	1.6112198354713632
344	2129.25	2084.380514924525	2174.119485075475	0.02107290598824715	1.75	-0.38144349605581596	3.881443496055816	1.2179677120318948	7869.0	7824.590726937042	7913.409273062958	0.005643572634764016	0.08125	-0.04891464894691876	0.21141464894691875	1.6020264485774616
345	2129.25	2084.380514924525	2174.119485075475	0.02107290598824715	1.75	-0.38144349605581596	3.881443496055816	1.2179677120318948	7869.0	7824.590726937042	7913.409273062958	0.005643572634764016	0.08125	-0.04891464894691876	0.21141464894691875	1.6020264485774616
346	2129.25	2084.380514924525	2174.119485075475	0.02107290598824715	1.625	-0.3703471903297504	3.6203471903297504	1.2279059632798464	7869.125	7824.647345640384	7913.602654359616	0.005652172809507587	0.09166666666666667	-0.05101392623629669	0.23434725956963004	1.5565155589414184
347	2129.25	2084.380514924525	2174.119485075475	0.02107290598824715	1.125	-0.24781370432483407	2.497813704324834	1.2202788482887414	7869.625	7825.049800045819	7914.200199954181	0.0056642088986681195	0.14583333333333331	-0.08296895072080568	0.3746356173874723	1.5689299477998104
348	2129.25	2084.380514924525	2174.119485075475	0.02107290598824715	1.125	-0.24781370432483407	2.497813704324834	1.2202788482887414	7869.625	7825.049800045819	7914.200199954181	0.0056642088986681195	0.14583333333333331	-0.08296895072080568	0.3746356173874723	1.5689299477998104
349	2129.25	2084.380514924525	2174.119485075475	0.02107290598824715	1.0	-0.3406159383469196	2.34061593834692	1.3406159383469196	7869.75	7824.974074334911	7914.525925665089	0.0056896249137633635	0.14583333333333331	-0.08296895072080568	0.3746356173874723	1.5689299477998104
350	2129.125	2084.331935010631	2173.918064989369	0.021038250450006065	1.125	-0.4509762576993359	2.700976257699336	1.400867784621632	7869.75	7824.974074334911	7914.525925665089	0.0056896249137633635	0.08333333333333333	-0.045667495480749457	0.21233416214741613	1.5480099457689935
351	2129.0	2084.1321839174916	2173.8678160825084	0.021074596562944206	1.25	-0.46624440239305387	2.9662444023930536	1.3729955219144432	7869.75	7824.974074334911	7914.525925665089	0.0056896249137633635	0.041666666666666664	-0.05685934379209578	0.1401926771254291	2.364624251010299
352	2129.0	2084.1321839174916	2173.8678160825084	0.021074596562944206	1.125	-0.3862930221553198	2.6362930221553196	1.343371575249173	7869.875	7825.182356134694	7914.567643865306	0.005678952189876752	0.041666666666666664	-0.05685934379209578	0.1401926771254291	2.364624251010299
353	2128.875	2084.081935010631	2173.668064989369	0.02104072103311334	1.25	-0.46624440239305387	2.9662444023930536	1.3729955219144432	7869.875	7825.182356134694	7914.567643865306	0.005678952189876752	0.03125	-0.04264450784407185	0.10514450784407185	2.3646242510102993
354	2128.625	2083.8285915168317	2173.4214084831683	0.021044762925911478	1.5	-0.5960153750309556	3.5960153750309556	1.3973435833539705	7869.875	7825.182356134694	7914.567643865306	0.005678952189876752	0.0	0.0	0.0	0
355	2128.625	2083.8285915168317	2173.4214084831683	0.021044762925911478	1.5	-0.5960153750309556	3.5960153750309556	1.3973435833539705	7869.875	7825.182356134694	7914.567643865306	0.005678952189876752	0.0	0.0	0.0	0
356	2128.625	2083.8285915168317	2173.4214084831683	0.021044762925911478	1.375	-0.5176228567581931	3.267622856758193	1.3764529867332314	7870.0	7825.388834974618	7914.611165025382	0.005668508897761377	0.0	0.0	0.0	0
357	2128.5	2083.7748340663925	2173.2251659336075	0.0210125280402196	1.375	-0.5176228567581931	3.267622856758193	1.3764529867332314	7870.125	7825.59350095811	7914.65649904189	0.005658296283971421	0.0	0.0	0.0	0
358	2128.5	2083.7748340663925	2173.2251659336075	0.0210125280402196	1.375	-0.5176228567581931	3.267622856758193	1.3764529867332314	7870.125	7825.59350095811	7914.65649904189	0.005658296283971421	0.0	0.0	0.0	0
359	2128.25	2083.12312042035	2173.37687957965	0.02120374936198752	1.5	-0.28748791779589267	3.2874879177958927	1.1916586118639285	7870.25	7825.796344338635	7914.703655661365	0.005648315575917525	0.0	0.0	0.0	0
360	2128.25	2083.12312042035	2173.37687957965	0.02120374936198752	1.25	-0.21516776673489435	2.7151677667348944	1.1721342133879156	7870.5	7826.052521538307	7914.947478461693	0.00564735130699357	0.0	0.0	0.0	0
361	2128.25	2083.12312042035	2173.37687957965	0.02120374936198752	1.125	-0.24781370432483407	2.497813704324834	1.2202788482887414	7870.625	7825.975942096907	7915.274057903093	0.005672873234729552	0.0	0.0	0.0	0
362	2128.25	2083.12312042035	2173.37687957965	0.02120374936198752	1.125	-0.24781370432483407	2.497813704324834	1.2202788482887414	7870.625	7825.975942096907	7915.274057903093	0.005672873234729552	0.0	0.0	0.0	0
363	2128.25	2083.12312042035	2173.37687957965	0.02120374936198752	1.125	-0.24781370432483407	2.497813704324834	1.2202788482887414	7870.625	7825.975942096907	7915.274057903093	0.005672873234729552	0.0	0.0	0.0	0
364	2128.25	2083.12312042035	2173.37687957965	0.02120374936198752	1.125	-0.24781370432483407	2.497813704324834	1.2202788482887414	7870.625	7825.975942096907	7915.274057903093	0.005672873234729552	0.0	0.0	0.0	0
365	2128.25	2083.12312042035	2173.37687957965	0.02120374936198752	1.0	-0.3406159383469196	2.34061593834692	1.3406159383469196	7870.75	7825.898320718058	7915.601679281942	0.005698526732769018	0.0	0.0	0.0	0
